"","X1","X2","X3","X4","X5","X6","X7","X8","X9","X10","X11","X12","X13","X14","X15","X16","X17","X18","X19","X20","X1.1","X2.1","X3.1","X4.1","X5.1","X6.1","X7.1","X8.1","X9.1","X10.1","X11.1","X12.1","X13.1","X14.1","X15.1","X16.1","X17.1","X18.1","X19.1","X20.1","X1.2","X2.2","X3.2","X4.2","X5.2","X6.2","X7.2","X8.2","X9.2","X10.2","X11.2","X12.2","X13.2","X14.2","X15.2","X16.2","X17.2","X18.2","X19.2","X20.2","X1.3","X2.3","X3.3","X4.3","X5.3","X6.3","X7.3","X8.3","X9.3","X10.3","X11.3","X12.3","X13.3","X14.3","X15.3","X16.3","X17.3","X18.3","X19.3","X20.3","X1.4","X2.4","X3.4","X4.4","X5.4","X6.4","X7.4","X8.4","X9.4","X10.4","X11.4","X12.4","X13.4","X14.4","X15.4","X16.4","X17.4","X18.4","X19.4","X20.4","X1.5","X2.5","X3.5","X4.5","X5.5","X6.5","X7.5","X8.5","X9.5","X10.5","X11.5","X12.5","X13.5","X14.5","X15.5","X16.5","X17.5","X18.5","X19.5","X20.5","X1.6","X2.6","X3.6","X4.6","X5.6","X6.6","X7.6","X8.6","X9.6","X10.6","X11.6","X12.6","X13.6","X14.6","X15.6","X16.6","X17.6","X18.6","X19.6","X20.6","X1.7","X2.7","X3.7","X4.7","X5.7","X6.7","X7.7","X8.7","X9.7","X10.7","X11.7","X12.7","X13.7","X14.7","X15.7","X16.7","X17.7","X18.7","X19.7","X20.7","X1.8","X2.8","X3.8","X4.8","X5.8","X6.8","X7.8","X8.8","X9.8","X10.8","X11.8","X12.8","X13.8","X14.8","X15.8","X16.8","X17.8","X18.8","X19.8","X20.8","X1.9","X2.9","X3.9","X4.9","X5.9","X6.9","X7.9","X8.9","X9.9","X10.9","X11.9","X12.9","X13.9","X14.9","X15.9","X16.9","X17.9","X18.9","X19.9","X20.9","X1.10","X2.10","X3.10","X4.10","X5.10","X6.10","X7.10","X8.10","X9.10","X10.10","X11.10","X12.10","X13.10","X14.10","X15.10","X16.10","X17.10","X18.10","X19.10","X20.10","X1.11","X2.11","X3.11","X4.11","X5.11","X6.11","X7.11","X8.11","X9.11","X10.11","X11.11","X12.11","X13.11","X14.11","X15.11","X16.11","X17.11","X18.11","X19.11","X20.11","X1.12","X2.12","X3.12","X4.12","X5.12","X6.12","X7.12","X8.12","X9.12","X10.12","X11.12","X12.12","X13.12","X14.12","X15.12","X16.12","X17.12","X18.12","X19.12","X20.12","X1.13","X2.13","X3.13","X4.13","X5.13","X6.13","X7.13","X8.13","X9.13","X10.13","X11.13","X12.13","X13.13","X14.13","X15.13","X16.13","X17.13","X18.13","X19.13","X20.13","X1.14","X2.14","X3.14","X4.14","X5.14","X6.14","X7.14","X8.14","X9.14","X10.14","X11.14","X12.14","X13.14","X14.14","X15.14","X16.14","X17.14","X18.14","X19.14","X20.14","X1.15","X2.15","X3.15","X4.15","X5.15","X6.15","X7.15","X8.15","X9.15","X10.15","X11.15","X12.15","X13.15","X14.15","X15.15","X16.15","X17.15","X18.15","X19.15","X20.15","X1.16","X2.16","X3.16","X4.16","X5.16","X6.16","X7.16","X8.16","X9.16","X10.16","X11.16","X12.16","X13.16","X14.16","X15.16","X16.16","X17.16","X18.16","X19.16","X20.16","X1.17","X2.17","X3.17","X4.17","X5.17","X6.17","X7.17","X8.17","X9.17","X10.17","X11.17","X12.17","X13.17","X14.17","X15.17","X16.17","X17.17","X18.17","X19.17","X20.17","X1.18","X2.18","X3.18","X4.18","X5.18","X6.18","X7.18","X8.18","X9.18","X10.18","X11.18","X12.18","X13.18","X14.18","X15.18","X16.18","X17.18","X18.18","X19.18","X20.18","X1.19","X2.19","X3.19","X4.19","X5.19","X6.19","X7.19","X8.19","X9.19","X10.19","X11.19","X12.19","X13.19","X14.19","X15.19","X16.19","X17.19","X18.19","X19.19","X20.19","X1.20","X2.20","X3.20","X4.20","X5.20","X6.20","X7.20","X8.20","X9.20","X10.20","X11.20","X12.20","X13.20","X14.20","X15.20","X16.20","X17.20","X18.20","X19.20","X20.20","X1.21","X2.21","X3.21","X4.21","X5.21","X6.21","X7.21","X8.21","X9.21","X10.21","X11.21","X12.21","X13.21","X14.21","X15.21","X16.21","X17.21","X18.21","X19.21","X20.21","X1.22","X2.22","X3.22","X4.22","X5.22","X6.22","X7.22","X8.22","X9.22","X10.22","X11.22","X12.22","X13.22","X14.22","X15.22","X16.22","X17.22","X18.22","X19.22","X20.22","X1.23","X2.23","X3.23","X4.23","X5.23","X6.23","X7.23","X8.23","X9.23","X10.23","X11.23","X12.23","X13.23","X14.23","X15.23","X16.23","X17.23","X18.23","X19.23","X20.23","X1.24","X2.24","X3.24","X4.24","X5.24","X6.24","X7.24","X8.24","X9.24","X10.24","X11.24","X12.24","X13.24","X14.24","X15.24","X16.24","X17.24","X18.24","X19.24","X20.24","X1.25","X2.25","X3.25","X4.25","X5.25","X6.25","X7.25","X8.25","X9.25","X10.25","X11.25","X12.25","X13.25","X14.25","X15.25","X16.25","X17.25","X18.25","X19.25","X20.25","X1.26","X2.26","X3.26","X4.26","X5.26","X6.26","X7.26","X8.26","X9.26","X10.26","X11.26","X12.26","X13.26","X14.26","X15.26","X16.26","X17.26","X18.26","X19.26","X20.26","X1.27","X2.27","X3.27","X4.27","X5.27","X6.27","X7.27","X8.27","X9.27","X10.27","X11.27","X12.27","X13.27","X14.27","X15.27","X16.27","X17.27","X18.27","X19.27","X20.27","X1.28","X2.28","X3.28","X4.28","X5.28","X6.28","X7.28","X8.28","X9.28","X10.28","X11.28","X12.28","X13.28","X14.28","X15.28","X16.28","X17.28","X18.28","X19.28","X20.28","X1.29","X2.29","X3.29","X4.29","X5.29","X6.29","X7.29","X8.29","X9.29","X10.29","X11.29","X12.29","X13.29","X14.29","X15.29","X16.29","X17.29","X18.29","X19.29","X20.29","X1.30","X2.30","X3.30","X4.30","X5.30","X6.30","X7.30","X8.30","X9.30","X10.30","X11.30","X12.30","X13.30","X14.30","X15.30","X16.30","X17.30","X18.30","X19.30","X20.30","X1.31","X2.31","X3.31","X4.31","X5.31","X6.31","X7.31","X8.31","X9.31","X10.31","X11.31","X12.31","X13.31","X14.31","X15.31","X16.31","X17.31","X18.31","X19.31","X20.31","X1.32","X2.32","X3.32","X4.32","X5.32","X6.32","X7.32","X8.32","X9.32","X10.32","X11.32","X12.32","X13.32","X14.32","X15.32","X16.32","X17.32","X18.32","X19.32","X20.32","X1.33","X2.33","X3.33","X4.33","X5.33","X6.33","X7.33","X8.33","X9.33","X10.33","X11.33","X12.33","X13.33","X14.33","X15.33","X16.33","X17.33","X18.33","X19.33","X20.33","X1.34","X2.34","X3.34","X4.34","X5.34","X6.34","X7.34","X8.34","X9.34","X10.34","X11.34","X12.34","X13.34","X14.34","X15.34","X16.34","X17.34","X18.34","X19.34","X20.34","X1.35","X2.35","X3.35","X4.35","X5.35","X6.35","X7.35","X8.35","X9.35","X10.35","X11.35","X12.35","X13.35","X14.35","X15.35","X16.35","X17.35","X18.35","X19.35","X20.35","X1.36","X2.36","X3.36","X4.36","X5.36","X6.36","X7.36","X8.36","X9.36","X10.36","X11.36","X12.36","X13.36","X14.36","X15.36","X16.36","X17.36","X18.36","X19.36","X20.36","X1.37","X2.37","X3.37","X4.37","X5.37","X6.37","X7.37","X8.37","X9.37","X10.37","X11.37","X12.37","X13.37","X14.37","X15.37","X16.37","X17.37","X18.37","X19.37","X20.37","X1.38","X2.38","X3.38","X4.38","X5.38","X6.38","X7.38","X8.38","X9.38","X10.38","X11.38","X12.38","X13.38","X14.38","X15.38","X16.38","X17.38","X18.38","X19.38","X20.38","X1.39","X2.39","X3.39","X4.39","X5.39","X6.39","X7.39","X8.39","X9.39","X10.39","X11.39","X12.39","X13.39","X14.39","X15.39","X16.39","X17.39","X18.39","X19.39","X20.39","X1.40","X2.40","X3.40","X4.40","X5.40","X6.40","X7.40","X8.40","X9.40","X10.40","X11.40","X12.40","X13.40","X14.40","X15.40","X16.40","X17.40","X18.40","X19.40","X20.40","X1.41","X2.41","X3.41","X4.41","X5.41","X6.41","X7.41","X8.41","X9.41","X10.41","X11.41","X12.41","X13.41","X14.41","X15.41","X16.41","X17.41","X18.41","X19.41","X20.41","X1.42","X2.42","X3.42","X4.42","X5.42","X6.42","X7.42","X8.42","X9.42","X10.42","X11.42","X12.42","X13.42","X14.42","X15.42","X16.42","X17.42","X18.42","X19.42","X20.42","X1.43","X2.43","X3.43","X4.43","X5.43","X6.43","X7.43","X8.43","X9.43","X10.43","X11.43","X12.43","X13.43","X14.43","X15.43","X16.43","X17.43","X18.43","X19.43","X20.43","X1.44","X2.44","X3.44","X4.44","X5.44","X6.44","X7.44","X8.44","X9.44","X10.44","X11.44","X12.44","X13.44","X14.44","X15.44","X16.44","X17.44","X18.44","X19.44","X20.44","X1.45","X2.45","X3.45","X4.45","X5.45","X6.45","X7.45","X8.45","X9.45","X10.45","X11.45","X12.45","X13.45","X14.45","X15.45","X16.45","X17.45","X18.45","X19.45","X20.45","X1.46","X2.46","X3.46","X4.46","X5.46","X6.46","X7.46","X8.46","X9.46","X10.46","X11.46","X12.46","X13.46","X14.46","X15.46","X16.46","X17.46","X18.46","X19.46","X20.46","X1.47","X2.47","X3.47","X4.47","X5.47","X6.47","X7.47","X8.47","X9.47","X10.47","X11.47","X12.47","X13.47","X14.47","X15.47","X16.47","X17.47","X18.47","X19.47","X20.47","X1.48","X2.48","X3.48","X4.48","X5.48","X6.48","X7.48","X8.48","X9.48","X10.48","X11.48","X12.48","X13.48","X14.48","X15.48","X16.48","X17.48","X18.48","X19.48","X20.48","X1.49","X2.49","X3.49","X4.49","X5.49","X6.49","X7.49","X8.49","X9.49","X10.49","X11.49","X12.49","X13.49","X14.49","X15.49","X16.49","X17.49","X18.49","X19.49","X20.49"
"1",0.0207080600232622,0,0,0,0,0,0,0,0,0,-0.255515630259206,0,0,0,0,0,0,-0.274025251525934,0,0.304227573471881,0.338511493116769,0,0,0,0,0,0,0,0,0,0.282980117281925,0,0,0,0,0,0,0.258779113377083,0,-0.349589198667785,-0.0481382817285688,0,0,0,0,0,0,0,0,0,-0.221982114303181,0,0,0,0,0,0,-0.248554229451318,0,-0.377918647298807,-0.109359481511705,0,0,0,0,0,0,0,0,0,0.329129437995117,0,0.10919538148608,0,0,0,0,-0.227684486349221,0,0.352482782416652,0.262272756043154,0,0,0,0,0,0,0,0,0,0.294831893142911,0,0,0,0,0,0,0.386355632708579,0,0.23182320795542,0.21791499453797,0,0,0,0,0,0,0,0,0,-0.22927390649158,0,0,0,0,0,0,0.241219856227387,0,0.324983631462729,0.427809167622169,0,0,0,0,0,0,0,0,0,-0.190634909990327,0,-0.0203175081411854,0,0,0,0,0.290464483189823,0,-0.214611358761945,-0.310130638381324,0,0,0,0,0,0,0,0,0,-0.322584490292266,0,0,0,0,0,0,-0.313651968802304,0,0.480927587741511,-0.14437525595001,0,0,0,0,0,0,0,0,0,0.321351915984152,0,0,0,0,0,0,-0.340461742147927,0,0.388795681612844,0.257909288732061,0,0,0,0,0,0,0,0,0,0.221841180088947,0,0.0518855773518527,0,0,0,0,0.321938121850639,0,0.288905735801662,-0.3579044177599,0,0,0,0,0,0,0,0,0,0.297392008355992,0,0,0,0,0,0,-0.29573695374072,0,-0.403275308872847,0.283686187797778,0,0,0,0,0,0,0,0,0,0.344482916247052,0,0,0,0,0,0,0.305539400034603,0,0.29922512815727,0.401316333674517,0,0,0,0,0,0,0,0,0,0.341348426893186,0,0,0,0,0,0,-0.234664551172283,0,-0.347050584944517,-0.40428015576142,0,0,0,0,0,0,0,0,0,-0.225307390161673,0,-0.0375591323513913,0,0,0,0,0.212603294427121,0,0.280959147078968,0.389982278778845,0,0,0,0,0,0,0,0,0,-0.33486315451113,0,-0.0200797588078541,0,0,0,0,-0.246173636891445,0,0.306885299835228,0.500623876926324,0,0,0,0,0,0,0,0,0,0.367776608732559,0,0,0,0,0,0,0.28441867630263,0,0.228250000000561,0.246964818613468,0,0,0,0,0,0,0,0,0,0.325450364092532,0,0,0,0,0,0,-0.312225358337768,0,-0.439399710703435,-0.373923200341814,0,0,0,0,0,0,0,0,0,0.276870781060595,0,0.153089513867252,0,0,0,0,0.361033823968309,0,-0.244139734139713,0.114988538823071,0,0,0,0,0,0,0,0,0,0.355941241081911,0,-0.0235356764633305,0,0,0,0,0.249061175094834,0,0.249583815458406,0.201577572328095,0,0,0,0,0,0,0,0,0,0.223768295229498,0,0,0,0,0,0,-0.385539321183359,0,-0.249754122959607,-0.190146785681697,0,0,0,0,0,0,0,0,0,-0.267266204019287,0,0,0,0,0,0,0.345486228422535,0,0.332545212509081,0.489453245414677,0,0,0,0,0,0,0,0,0,-0.233588215093463,0,0,0,0,0,0,0.239378626721369,0,-0.337003665572066,0.340560859166695,0,0,0,0,0,0,0,0,0,-0.37153029346214,0,0,0,0,0,0,0.301132574234003,0,-0.30930468958063,-0.504435387226889,0,0,0,0,0,0,0,0,0,-0.354393697210756,0,0,0,0,0,0,-0.291351496964151,0,0.276389208998493,-0.101964321264506,0,0,0,0,0,0,0,0,0,0.385776350986776,0,0,0,0,0,0,-0.296522535736497,0,-0.253563199016077,-0.192682354373977,0,0,0,0,0,0,0,0,0,0.295981901426083,0,0.024306839852816,0,0,0,0,0.293877709138885,0,-0.402905535611114,0.418638803575221,0,0,0,0,0,0,0,0,0,-0.362353452646751,0,-0.0206878604221331,0,0,0,0,-0.253216080232074,0,-0.237786063332236,-0.458124129920793,0,0,0,0,0,0,0,0,0,-0.0894598022244588,0,0,0,0,0,0,-0.274957563135735,0,0.239119782584203,-0.0523287979785283,0,0,0,0,0,0,0,0,0,-0.0306152522740449,0,0.0205096314267092,0,0,0,0,0.251925731790013,0,-0.293002849027088,0.173118411283272,0,0,0,0,0,0,0,0,0,-0.225383255647727,0,0,0,0,0,0,-0.230326483750113,0,-0.221943127120854,-0.0845831348242937,0,0,0,0,0,0,0,0,0,0.349999545707044,0,0,0,0,0,0,-0.323133426226459,0,0.302241096406688,-0.0690581540009059,0,0,0,0,0,0,0,0,0,0.307416045102636,0,0.0279139074658291,0,0,0,0,0.170546788522689,0,-0.215403051665144,0.439139363929587,0,0,0,0,0,0,0,0,0,0.252467139793005,0,0,0,0,0,0,0.216834028759451,0,-0.360976880360844,0.539305403094993,0,0,0,0,0,0,0,0,0,0.322938025431109,0,0,0,0,0,0,0.232709103938474,0,0.309286558622019,0.0841383274101775,0,0,0,0,0,0,0,0,0,-0.341950190083105,0,-0.0217737794530034,0,0,0,0,-0.317695990726159,0,0.280113154342563,-0.29348690526045,0,0,0,0,0,0,0,0,0,-0.306992685509158,0,0,0,0,0,0,0.259611640064301,0,0.356222911353499,-0.285658903519556,0,0,0,0,0,0,0,0,0,0.217041666288579,0,0,0,0,0,0,-0.358452748964677,0,-0.201685094066353,0.183151166623511,0,0,0,0,0,0,0,0,0,0.386578135230462,0,0,0,0,0,0,0.272766968357954,0,0.335393020776879,0.103190056944113,0,0,0,0,0,0,0,0,0,0.381976534956546,0,-0.0401568887911201,0,0,0,0,0.230610305748709,0,0.282654175023607,0.0203077149112486,0,0,0,0,0,0,0,0,0,0.269180606877981,0,0,0,0,0,0,0.377820245573036,0,0.319290205897737,-0.375000369753829,0,0,0,0,0,0,0,0,0,-0.302853844718704,0,0,0,0,0,0,-0.2533544818727,0,0.290192856643768,-0.339800464930277,0,0,0,0,0,0,0,0,0,0.243833306604793,0,0,0,0,0,0,0.278814057481738,0,0.327435031598015,-0.400761136029878,0,0,0,0,0,0,0,0,0,-0.252244779303623,0,0,0,0,0,0,0.200155920975691,0,0.282716463397782,-0.58909924958567,0,0,0,0,0,0,0,0,0,0.193452062277922,0,-0.0360858304525196,0,0,0,0,0.18720358041522,0,-0.23705914230932,-0.533977559619663,0,0,0,0,0,0,0,0,0,-0.370845727019422,0,0,0,0,0,0,-0.324560132291175,0,-0.194048464132444,0.271358929788031,0,0,0,0,0,0,0,0,0,-0.195569473349516,0,0,0,0,0,0,0.327670765068572,0,0.298350999058343,-0.360255209147713,0,0,0,0,0,0,0,0,0,0.323541853151511,0,0,0,0,0,0,-0.293088879377484,0,-0.264274388540471,-0.391455005031965,0,0,0,0,0,0,0,0,0,0.18751583993085,0,0,0,0,0,0,-0.254980272587495,0,0.266416671040265,0.494964477868096,0,0,0,0,0,0,0,0,0,-0.37125359858301,0,-0.0262194268044075,0,0,0,0,-0.271431655576612,0,-0.390718424828846,-0.400040781033079,0,0,0,0,0,0,0,0,0,-0.303579665229219,0,-0.124495813217422,0,0,0,0,0.219244350543325,0,0.290370894485898
"2",0,-0.309896681085986,0.331014513691658,0,0,0,0,0,0,0,0,0,0,0,0,0,0,0,0.372318217062136,0.465601668011079,0,-0.385306419858654,-0.33824616176358,0,0,0,0,0,0,0,0,0,0,0,0,0,0,0,0.218140779294492,0.375755058020736,0,-0.561779998566683,0.325580987531866,0,0,0,0,0,0,0,0,0,0,0,0,0,0,0,0.322985960755763,-0.315001050805678,0,0.0467514534921091,-0.225436449189972,0,0,0,0,0,0,0,0,0,0,0,0,0,0,0,0.178577563021737,-0.34763111307811,0,-0.600463164205147,-0.44199703128165,0,0,0,0,0,0,0,0,0,0,0,0,0,0,0,0.341562545696929,0.444180746372479,0,0.242351982758967,0.343237406812559,0,0,0,0,0,0,0,0,0,0,0,0,0,0,0,0.23895371792567,-0.288999902951115,0,0.20645345601548,0.243880000153055,0,0,0,0,0,0,0,0,0,0,0,0,0,0,0,0.308700755061463,-0.267305991157673,0,0.0624574236072471,0.301459856711231,0,0,0,0,0,0,0,0,0,0,0,0,0,0,0,-0.275679802542685,-0.252457234451853,0,0,-0.315650274379881,0,0,0,0,0,0,0,0,0,0,0,0,0,0,0,-0.193489425055401,0.32086770389352,0,-0.365086285545629,-0.3198279048147,0,0,0,0,0,0,0,0,0,0,0,0,0,0,0,0.217929426658535,0.391068954948001,0,0.22728231475034,0.305269306471071,0,0,0,0,0,0,0,0,0,0,0,0,0,0,0,-0.303703231036927,-0.44305678749064,0,0.0908508990401846,-0.362501777945943,0,0,0,0,0,0,0,0,0,0,0,0,0,0,0,0.18007169196412,0.268162200595414,0,0.37415089382487,0.459935558603193,0,0,0,0,0,0,0,0,0,0,0,0,0,0,0,-0.180049756625151,0.306814555361487,0,-0.553810712014019,0.264979846773246,0,0,0,0,0,0,0,0,0,0,0,0,0,0,0,0.230907702557087,0.30465340859686,0,-0.056297560190814,0.388100368770296,0,0,0,0,0,0,0,0,0,0,0,0,0,0,0,-0.323912113089627,-0.34329810646726,0,-0.337038120075007,0.324745542861038,0,0,0,0,0,0,0,0,0,0,0,0,0,0,0,-0.301596306767491,-0.369043456265304,0,-0.228879816707987,-0.263536176210858,0,0,0,0,0,0,0,0,0,0,0,0,0,0,0,0.138456276603251,-0.388604454258824,0,0.159643242946594,-0.351260680944505,0,0,0,0,0,0,0,0,0,0,0,0,0,0,0,0.219671024810264,-0.401008316496696,0,0.397790208412435,-0.289618862724673,0,0,0,0,0,0,0,0,0,0,0,0,0,0,0,0.258746425913785,0.479521800562322,0,-0.565999914571564,-0.320947888542986,0,0,0,0,0,0,0,0,0,0,0,0,0,0,0,0.221422942983617,-0.317831640844137,0,-0.629923619388621,0.256155465624114,0,0,0,0,0,0,0,0,0,0,0,0,0,0,0,-0.201096689296733,-0.339979175740119,0,0.151920148357158,0.364477265842817,0,0,0,0,0,0,0,0,0,0,0,0,0,0,0,-0.251478982253636,-0.194226877576615,0,0,0.404783515099847,0,0,0,0,0,0,0,0,0,0,0,0,0,0,0,-0.206428063230579,-0.307335514016173,0,-0.536213650489581,-0.279647881577504,0,0,0,0,0,0,0,0,0,0,0,0,0,0,0,-0.282131030641526,0.359742778518807,0,-0.590750041718171,0.385785835070274,0,0,0,0,0,0,0,0,0,0,0,0,0,0,0,0.279081473293236,0.303941112424866,0,0.560789648582469,-0.44593708132614,0,0,0,0,0,0,0,0,0,0,0,0,0,0,0,-0.460012218898518,0.124162856868028,0,-0.102908660570234,0.348396339422308,0,0,0,0,0,0,0,0,0,0,0,0,0,0,0,0.274233942781425,0.307159670031875,0,0.276992912805029,0.223322588359529,0,0,0,0,0,0,0,0,0,0,0,0,0,0,0,0.170253862092158,-0.395808065730795,0,0.49063446831317,-0.305556740655842,0,0,0,0,0,0,0,0,0,0,0,0,0,0,0,0.391167637285837,0.387106487307032,0,-0.247217622400203,0.37945933416379,0,0,0,0,0,0,0,0,0,0,0,0,0,0,0,-0.350303226731363,0.390681570562774,0,-0.410490646434901,0.262941869515993,0,0,0,0,0,0,0,0,0,0,0,0,0,0,0,0.187502694315064,0.44419561527053,0,-0.295830642122892,0.339707682620113,0,0,0,0,0,0,0,0,0,0,0,0,0,0,0,0.213005240439666,0.224154570138047,0,-0.469150894160399,0.222960715068008,0,0,0,0,0,0,0,0,0,0,0,0,0,0,0,-0.238996710430632,-0.212583188993309,0,0.4937098845922,-0.268894349611766,0,0,0,0,0,0,0,0,0,0,0,0,0,0,0,-0.275653693519875,0.415315092680699,0,0.0537973050427987,-0.421903246228656,0,0,0,0,0,0,0,0,0,0,0,0,0,0,0,0.313454835236907,-0.456648674056398,0,-0.381118601639334,0.291749412212534,0,0,0,0,0,0,0,0,0,0,0,0,0,0,0,0.368282127133834,0.366270335096378,0,-0.653201676983797,0.17330207697811,0,0,0,0,0,0,0,0,0,0,0,0,0,0,0,-0.282548251308753,0.192635797078054,0,-0.41777609172545,0.362658322353811,0,0,0,0,0,0,0,0,0,0,0,0,0,0,0,0.160749089889862,-0.415835064229901,0,0.199364298913246,-0.355375395612643,0,0,0,0,0,0,0,0,0,0,0,0,0,0,0,-0.298006123605868,0.368845526901231,0,0,0.198368565300716,0,0,0,0,0,0,0,0,0,0,0,0,0,0,0,0.195388820610605,-0.313295109977161,0,-0.541388618734513,0.339038826240025,0,0,0,0,0,0,0,0,0,0,0,0,0,0,0,0.329398387668001,0.208601143395364,0,0.112797871295218,-0.194115883763414,0,0,0,0,0,0,0,0,0,0,0,0,0,0,0,0.290173152477525,-0.315187578872406,0,0.463403513443079,0.340152413496476,0,0,0,0,0,0,0,0,0,0,0,0,0,0,0,0.353103832462641,0.328052831989955,0,0.456928071594735,0.390955488230753,0,0,0,0,0,0,0,0,0,0,0,0,0,0,0,-0.284076137976446,-0.374913280310422,0,-0.44336622589012,-0.201658284915496,0,0,0,0,0,0,0,0,0,0,0,0,0,0,0,-0.35913436247608,0.340194470908978,0,0.469302911456293,0.361118752368351,0,0,0,0,0,0,0,0,0,0,0,0,0,0,0,-0.311896126702849,0.327459757756297,0,-0.521139413768489,-0.306424040150013,0,0,0,0,0,0,0,0,0,0,0,0,0,0,0,0.193258960359478,-0.391351225021944,0,-0.124466710508585,-0.234391486255464,0,0,0,0,0,0,0,0,0,0,0,0,0,0,0,0.325089968909875,0.265632412519135,0,0.456384488076293,-0.347070219998193,0,0,0,0,0,0,0,0,0,0,0,0,0,0,0,0.217238021036317,-0.338297288508659,0,0.613199442182729,0.317447849680632,0,0,0,0,0,0,0,0,0,0,0,0,0,0,0,-0.26189851305574,-0.297856508736674
"3",0,0,0.197570427204834,0,0,0,0,0,0.297565204001761,0,0,0,-0.254474311024316,0,0,0,0,0,0,0,0,-0.0344895268659576,0.367679575886931,0,0,0,0,0,0.424562206671877,0,0,0,-0.281148066782713,0,0,0,0,0,0,0,0,0.075070484304033,-0.356267867786144,0,0,0,0,0,0.319353923047184,0,0,0,0.308977085622302,0,0,0,0,0,0,0,0,0,0.190225169204998,0,0,0,0,0,0.316099814949075,0,0,0,0.315202449134771,0,0,0,0,0,0,0,0,0,-0.206092558070602,0,0,0,0,0,-0.298576475785297,0,0,0,0.303131567919857,0,0,0,0,0,0,0,0,-0.0439225013039992,-0.256555406883422,0,0,0,0,0,0.306453881636971,0,0,0,0.360510972613214,0,0,0,0,0,0,0,0,0,-0.455420539273479,0,0,0,0,0,0.256509162450334,0,0,0,0.272928239793758,0,0,0,0,0,0,0,0,0,0.105621972814885,0,0,0,0,0,0.379010401978413,0,0,0,-0.38597068137205,0,0,0,0,0,0,0,0,0,-0.438848741920365,0,0,0,0,0,0.276372803731894,0,0,0,-0.311770063922581,0,0,0,0,0,0,0,0,0,0.141073765522256,0,0,0,0,0,-0.245896201158822,0,0,0,0.389438615326942,0,0,0,0,0,0,0,0,0,0.192039017314826,0,0,0,0,0,0.216270844675517,0,0,0,-0.388630352438939,0,0,0,0,0,0,0,0,-0.0335145294630036,0.124291998424448,0,0,0,0,0,0.332263415014116,0,0,0,0.309780868823857,0,0,0,0,0,0,0,0,0,0.196579893598157,0,0,0,0,0,-0.335159099729807,0,0,0,-0.306332464945338,0,0,0,0,0,0,0,0,0,0.288373899265253,0,0,0,0,0,0.332060629619878,0,0,0,-0.295840270197369,0,0,0,0,0,0,0,0,0,-0.0253023285888152,0,0,0,0,0,-0.357771798715056,0,0,0,-0.30920671600251,0,0,0,0,0,0,0,0,0.0286753476203349,0,0,0,0,0,0,-0.372027967210844,0,0,0,-0.357396646355526,0,0,0,0,0,0,0,0,0,-0.0380231397062027,0,0,0,0,0,0.237749738315838,0,0,0,-0.326357563411298,0,0,0,0,0,0,0,0,0,0.223637209841333,0,0,0,0,0,0.317435652520307,0,0,0,-0.303287305000301,0,0,0,0,0,0,0,0,0,-0.0856527559014443,0,0,0,0,0,0.232745527487913,0,0,0,-0.32047132346729,0,0,0,0,0,0,0,0,-0.0205051494373634,-0.289644262918413,0,0,0,0,0,0.297190615064046,0,0,0,-0.390814083688113,0,0,0,0,0,0,0,0,0,-0.110480495079156,0,0,0,0,0,-0.155805710393241,0,0,0,0.2838624844002,0,0,0,0,0,0,0,0,0,-0.333029669250966,0,0,0,0,0,0.421136122222642,0,0,0,0.352978384752141,0,0,0,0,0,0,0,0,-0.0449601965952019,0.130063826842463,0,0,0,0,0,0.386780626257082,0,0,0,-0.282258642035004,0,0,0,0,0,0,0,0,0.0240165593499966,-0.532105468835899,0,0,0,0,0,-0.280866909378048,0,0,0,0.272862586801261,0,0,0,0,0,0,0,0,0,-0.308676180476849,0,0,0,0,0,0.108980591700349,0,0,0,0.307724922145764,0,0,0,0,0,0,0,0,0.0266540356984565,-0.172068130591888,0,0,0,0,0,-0.148203410899658,0,0,0,-0.219406314166408,0,0,0,0,0,0,0,0,0,-0.429420405221676,0,0,0,0,0,0.306073267758935,0,0,0,0.327895299846283,0,0,0,0,0,0,0,0,0.0232537673086041,0.335977424360914,0,0,0,0,0,-0.168674707168029,0,0,0,-0.372274765283578,0,0,0,0,0,0,0,0,0,-0.201618633849274,0,0,0,0,0,0.242081987429522,0,0,0,0.298168873205951,0,0,0,0,0,0,0,0,0.0207314414853484,-0.43581906197238,0,0,0,0,0,0.486905619913648,0,0,0,-0.312587284217409,0,0,0,0,0,0,0,0,0,0.294827665455712,0,0,0,0,0,-0.27202328605918,0,0,0,-0.242161221979056,0,0,0,0,0,0,0,0,0,0.448493187782334,0,0,0,0,0,-0.172635600177394,0,0,0,-0.24085669866562,0,0,0,0,0,0,0,0,-0.0220260719090478,0.242954278668416,0,0,0,0,0,0.34558808797509,0,0,0,0.313952673114262,0,0,0,0,0,0,0,0,0,0.29789192447704,0,0,0,0,0,-0.471966669420324,0,0,0,-0.27530884397443,0,0,0,0,0,0,0,0,0,0.134202362209661,0,0,0,0,0,0.214689581306869,0,0,0,-0.337935705819697,0,0,0,0,0,0,0,0,0,0.333690178791073,0,0,0,0,0,-0.237450115392668,0,0,0,-0.382499108966798,0,0,0,0,0,0,0,0,-0.0223503964430972,0.0734024443173621,0,0,0,0,0,-0.420598783076785,0,0,0,-0.242031335156514,0,0,0,0,0,0,0,0,0,0.119079442624938,0,0,0,0,0,-0.449515749984481,0,0,0,-0.252394112143207,0,0,0,0,0,0,0,0,0,-0.140947085455454,0,0,0,0,0,0.191699387714654,0,0,0,0.372279007305185,0,0,0,0,0,0,0,0,0,0.362232418479161,0,0,0,0,0,-0.321284122510858,0,0,0,0.388579660940354,0,0,0,0,0,0,0,0,0,0.413519070584607,0,0,0,0,0,-0.25442658696393,0,0,0,-0.34418679354838,0,0,0,0,0,0,0,0,0,0,0,0,0,0,0,0.204907691724888,0,0,0,-0.373820710018803,0,0,0,0,0,0,0,0,0,0.439366717161628,0,0,0,0,0,0.278706761884587,0,0,0,0.252890337792543,0,0,0,0,0,0,0,0,0,0.19447250957414,0,0,0,0,0,-0.233547801712797,0,0,0,-0.294397669384909,0,0,0,0,0,0,0,0,0,0.207163110500024,0,0,0,0,0,-0.233147687149801,0,0,0,0.263350623552787,0,0,0,0,0,0,0,0,-0.020280944861852,0.0713849257065169,0,0,0,0,0,0.34337650655063,0,0,0,-0.323226875204902,0,0,0,0,0,0,0,0,0,0.314587237843866,0,0,0,0,0,0.411542838189362,0,0,0,0.288851906716636,0,0,0,0,0,0,0,0,0,-0.417207839260293,0,0,0,0,0,-0.346287501263615,0,0,0,-0.257951616714298,0,0,0,0,0,0,0,0,0,0.338639073137523,0,0,0,0,0,-0.395919454019764,0,0,0,0.346674638176166,0,0,0,0,0,0,0,0,-0.0388906164817596,0.0964664360657317,0,0,0,0,0,-0.226928381627056,0,0,0,0.309187260404694,0,0,0,0,0,0,0
"4",0,0.227761636010755,0,-0.622367694715153,0,0,0,0,0,0,0,0,0.462462591747269,0,0,0,0,0,0,0,0,-0.277900493833469,0,-0.428197589273456,0,0,0,0,0,0,0,0,0.216508130687049,0,0.0205437614778881,0,0,0,0,0,0,0.30137259349213,0,-0.0541969131613514,0,0,0,0,0,0,0,0,-0.329000821209517,0,0,0,0,0,0,0,0,-0.323993329177236,0,-0.486845778455609,0,0,0,0,0,0,0,0,-0.339495628596,0,0,0,0,0,0,0,0,0.306605430255608,0,0.356633503442981,0,0,0,0,0,0,0,0,-0.298836926032251,0,0,0,0,0,0,0,0,-0.36841560658465,0,0.103685261479992,0,0,0,0,0,0,0,0,-0.299761681220941,0,0,0,0,0,0,0,0,0.295710989034102,0,0,0,0,0,0,0,0,0,0,-0.419804318044499,0,0,0,0,0,0,0,0,-0.21957790888308,0,-0.253566778919193,0,0,0,0,0,0,0,0,-0.219702556107583,0,0,0,0,0,0,0,0,0.391614095071759,0,-0.494929231844521,0,0,0,0,0,0,0,0,-0.359448533107269,0,0,0,0,0,0,0,0,0.355354730039493,0,-0.0203687730468284,0,0,0,0,0,0,0,0,-0.378412907659271,0,0,0,0,0,0,0,0,0.366572883507537,0,0.187291855187111,0,0,0,0,0,0,0,0,0.268413770148192,0,0,0,0,0,0,0,0,0.265526432577161,0,0.251632626410164,0,0,0,0,0,0,0,0,0.272644025323659,0,0,0,0,0,0,0,0,-0.281622343618546,0,0.103462546573251,0,0,0,0,0,0,0,0,0.328738128726494,0,0,0,0,0,0,0,0,-0.288230299075432,0,0.0631714875209726,0,0,0,0,0,0,0,0,-0.298845835772954,0,0,0,0,0,0,0,0,0.413816490750407,0,0.0280068324690572,0,0,0,0,0,0,0,0,0.256671581340562,0,0.0247666689217533,0,0,0,0,0,0,-0.362035873421438,0,0.338220886153644,0,0,0,0,0,0,0,0,0.306558127821331,0,-0.038023685916522,0,0,0,0,0,0,-0.283196443906641,0,0.0628310788552586,0,0,0,0,0,0,0,0,-0.295259252694913,0,0,0,0,0,0,0,0,-0.357908209778289,0,0.190984262470307,0,0,0,0,0,0,0,0,-0.339318912974937,0,-0.0255637348810405,0,0,0,0,0,0,-0.332175483853222,0,0.135646167585688,0,0,0,0,0,0,0,0,-0.298385178753006,0,0,0,0,0,0,0,0,0.320375173194554,0,0.323942712942261,0,0,0,0,0,0,0,0,0.358670496442592,0,0.022427664364721,0,0,0,0,0,0,-0.236103530122097,0,-0.459774463006314,0,0,0,0,0,0,0,0,0.243452953328006,0,0,0,0,0,0,0,0,0.343914514188463,0,0.122938525056809,0,0,0,0,0,0,0,0,0.239994657234972,0,0,0,0,0,0,0,0,-0.423089891450774,0,0.370225418801958,0,0,0,0,0,0,0,0,-0.217046096851364,0,-0.0431655671491523,0,0,0,0,0,0,0.283203611861343,0,-0.523468372432032,0,0,0,0,0,0,0,0,0.357850499568635,0,0,0,0,0,0,0,0,-0.155029334442135,0,-0.0997483439979839,0,0,0,0,0,0,0,0,0.167635094799656,0,0,0,0,0,0,0,0,0.376516783640203,0,0.556366170250273,0,0,0,0,0,0,0,0,-0.483146096111335,0,0,0,0,0,0,0,0,0.316266627451971,0,-0.263506038429718,0,0,0,0,0,0,0,0,0.209359618502911,0,0.052954483641776,0,0,0,0,0,0,0.330954480564051,0,0.556191188247735,0,0,0,0,0,0,0,0,-0.322234341396524,0,0,0,0,0,0,0,0,0.259079558526833,0,0.523245285549726,0,0,0,0,0,0,0,0,0.444035310030751,0,0,0,0,0,0,0,0,0.314183210472461,0,-0.551534755260961,0,0,0,0,0,0,0,0,0.308431850662467,0,0,0,0,0,0,0,0,0.263737095987806,0,0.326998211698154,0,0,0,0,0,0,0,0,0.214717244116139,0,0,0,0,0,0,0,0,0.304829340602031,0,0.189802031086426,0,0,0,0,0,0,0,0,-0.366206481918727,0,-0.0308060016348119,0,0,0,0,0,0,0.382698487599937,0,0.299100591226518,0,0,0,0,0,0,0,0,0.348963143315546,0,0,0,0,0,0,0,0,0.259409466955916,0,0.526251596286869,0,0,0,0,0,0,0,0,0.21206528769887,0,0,0,0,0,0,0,0,0.404021389791384,0,-0.0648047971332322,0,0,0,0,0,0,0,0,0.379578565829861,0,-0.0699315006349719,0,0,0,0,0,0,-0.283655557806976,0,0.550478063809531,0,0,0,0,0,0,0,0,0.430222947468115,0,-0.0416090999718051,0,0,0,0,0,0,-0.320588094338882,0,0.606084707879559,0,0,0,0,0,0,0,0,-0.416462501841475,0,0,0,0,0,0,0,0,-0.293273505518546,0,0.220392841615937,0,0,0,0,0,0,0,0,-0.235614869376232,0,0,0,0,0,0,0,0,-0.255998869405478,0,0.510897961457879,0,0,0,0,0,0,0,0,-0.28254640687805,0,0,0,0,0,0,0,0,-0.304819507705441,0,0.252931607642828,0,0,0,0,0,0,0,0,0.279902292439217,0,0.0346645727726447,0,0,0,0,0,0,-0.353903569013846,0,0.246466938620302,0,0,0,0,0,0,0,0,0.410965901204348,0,0,0,0,0,0,0,0,-0.217599788056116,0,-0.534677707663908,0,0,0,0,0,0,0,0,0.287574700904367,0,0,0,0,0,0,0,0,0.232806533333165,0,-0.162154132373513,0,0,0,0,0,0,0,0,0.156706369166738,0,0,0,0,0,0,0,0,0.308973370832643,0,0,0,0,0,0,0,0,0,0,-0.372700951875849,0,0,0,0,0,0,0,0,0.286299209760927,0,-0.518280107109658,0,0,0,0,0,0,0,0,-0.334222108031497,0,0,0,0,0,0,0,0,-0.339889299516988,0,0.068764393669598,0,0,0,0,0,0,0,0,0.315641534537328,0,-0.0729073820323977,0,0,0,0,0,0,-0.289341884097313,0,0.302828421624431,0,0,0,0,0,0,0,0,0.217753851234149,0,0,0,0,0,0,0,0,0.253672583922036,0,-0.0695861491186664,0,0,0,0,0,0,0,0,-0.33528665704877,0,0,0,0,0,0,0,0,0.229830589049223,0,0.402905939891767,0,0,0,0,0,0,0,0,0.264030512200179,0,0,0,0,0,0,0,0,-0.316475593026462,0,-0.182233100989378,0,0,0,0,0,0,0,0,0.246269704729696,0,0,0,0,0,0,0
"5",-0.329760692373593,0,-0.278418065891822,0,0.422486647779588,0,0,0,0,0,0,0,0,0,0,0,0,0,0,0,-0.338113161928342,0,-0.326395786884496,0,-0.338873396581589,0,0,0,0,0,0,0,0,0.0211869452945149,0,0,0,0,0,0,-0.325770024898791,0,-0.344631050424811,0,0.482977361679902,0,0,0,0,0,0,0,0,0,0,0,0,0,0,0,-0.311281563069682,0,0.243534026847,0,0.0578951347972047,0,0,0,0,0,0,0,0,0,0,0,0,0,0,0,0.281299709377709,0,0.306453788886107,0,0.425688780221402,0,0,0,0,0,0,0,0,0,0,0,0,0,0,0,0.34656730968611,0,0.298946897460334,0,0.244993347735175,0,0,0,0,0,0,0,0,0,0,0,0,0,0,0,0.363801193102752,0,-0.229658924753527,0,-0.171010458376399,0,0,0,0,0,0,0,0,0.049904874171096,0,0,0,0,0,0,-0.267767203179345,0,-0.279341740842114,0,0.317521632702467,0,0,0,0,0,0,0,0,0,0,0,0,0,0,0,-0.298477814711006,0,-0.364949344292316,0,0.118348852356714,0,0,0,0,0,0,0,0,0,0,0,0,0,0,0,0.304969149200317,0,0.217604749372879,0,-0.220745622888274,0,0,0,0,0,0,0,0,0,0,0,0,0,0,0,-0.224620322623916,0,0.357863706146941,0,-0.29947596724876,0,0,0,0,0,0,0,0,0,0,0,0,0,0,0,-0.293950048761861,0,-0.309389588404119,0,-0.510806837703717,0,0,0,0,0,0,0,0,0,0,0,0,0,0,0,-0.260116519509664,0,-0.376233482575561,0,-0.46064070999623,0,0,0,0,0,0,0,0,0,0,0,0,0,0,0,0.293247832787161,0,-0.334679960431016,0,0.469408155387042,0,0,0,0,0,0,0,0,0,0,0,0,0,0,0,-0.353611742157599,0,0.267708231102028,0,0.296122360957588,0,0,0,0,0,0,0,0,0,0,0,0,0,0,0,0.382108364328566,0,0.232083033372068,0,0.338042031909099,0,0,0,0,0,0,0,0,0,0,0,0,0,0,0,0.368335972403125,0,0.271131252875038,0,0.386996915724104,0,0,0,0,0,0,0,0,0,0,0,0,0,0,0,-0.304573665571624,0,0.170441778400513,0,0.317233115471776,0,0,0,0,0,0,0,0,0,0,0,0,0,0,0,0.264406856394795,0,0.353045030693281,0,0.358986143805635,0,0,0,0,0,0,0,0,0,0,0,0,0,0,0,-0.314499923355808,0,0.342201073166593,0,0,0,0,0,0,0,0,0,0,0,0,0,0,0,0,0,0.372395777136243,0,-0.359336133254597,0,-0.553529997501314,0,0,0,0,0,0,0,0,0,0,0,0,0,0,0,0.331701966806404,0,-0.295681501959604,0,0.308770303227939,0,0,0,0,0,0,0,0,0,0,0,0,0,0,0,0.334482576048617,0,0.486862150174938,0,0.514997347993558,0,0,0,0,0,0,0,0,-0.0224970755009807,0,0,0,0,0,0,0.250239455946329,0,-0.331868574311876,0,-0.187562337382744,0,0,0,0,0,0,0,0,0.0200420875361134,0,0,0,0,0,0,0.404698678387209,0,0.351361906358418,0,-0.512157472008183,0,0,0,0,0,0,0,0,0,0,0,0,0,0,0,0.396466725400693,0,0.274380524246239,0,-0.0439993642633537,0,0,0,0,0,0,0,0,0,0,0,0,0,0,0,-0.319568324782879,0,0.247191861640973,0,-0.283057487975419,0,0,0,0,0,0,0,0,0,0,0,0,0,0,0,-0.337485394420943,0,0.390663624660641,0,-0.349242385953789,0,0,0,0,0,0,0,0,0,0,0,0,0,0,0,0.249424488014864,0,-0.241009199881623,0,-0.618971127115303,0,0,0,0,0,0,0,0,0,0,0,0,0,0,0,0.410479915120272,0,-0.234984537002286,0,0.386717939419502,0,0,0,0,0,0,0,0,0,0,0,0,0,0,0,-0.341394650549015,0,0.249464574496203,0,0,0,0,0,0,0,0,0,0,0,0,0,0,0,0,0,0.28467863252498,0,-0.437615943485468,0,0.519275362826016,0,0,0,0,0,0,0,0,0,0,0,0,0,0,0,0.240211835662919,0,0.262447276041627,0,-0.353825909701996,0,0,0,0,0,0,0,0,0,0,0,0,0,0,0,-0.305066650332453,0,0.28832985423787,0,-0.273198754046272,0,0,0,0,0,0,0,0,0,0,0,0,0,0,0,-0.341974978210173,0,-0.375599218697963,0,0,0,0,0,0,0,0,0,0,0,0,0,0,0,0,0,-0.246988446576852,0,-0.357260557997428,0,-0.169333703327341,0,0,0,0,0,0,0,0,0,0,0,0,0,0,0,0.423711941760436,0,0.322257068136494,0,0.109167066157576,0,0,0,0,0,0,0,0,0,0,0,0,0,0,0,0.203606391396125,0,0.25480942369794,0,-0.421142127565728,0,0,0,0,0,0,0,0,0,0,0,0,0,0,0,0.225631100752121,0,-0.255990377477865,0,-0.392600037546646,0,0,0,0,0,0,0,0,0,0,0,0,0,0,0,-0.309056144875028,0,0.382748565385623,0,0.571362119911437,0,0,0,0,0,0,0,0,0,0,0,0,0,0,0,0.250540011390176,0,-0.347646694727901,0,-0.220366492191459,0,0,0,0,0,0,0,0,0.0239456629417006,0,0,0,0,0,0,0.236421969431966,0,-0.30840833038388,0,0.334416398727762,0,0,0,0,0,0,0,0,0,0,0,0,0,0,0,0.351984218729092,0,0.317854480368372,0,0.257231749151442,0,0,0,0,0,0,0,0,0,0,0,0,0,0,0,-0.32395770039025,0,0.34801374422555,0,-0.19025541178196,0,0,0,0,0,0,0,0,0,0,0,0,0,0,0,-0.320595859545787,0,0.295280470592194,0,-0.171562073225923,0,0,0,0,0,0,0,0,0.0368539744663598,0,0,0,0,0,0,-0.289757695409367,0,0.249113744185464,0,0.41722401157377,0,0,0,0,0,0,0,0,0,0,0,0,0,0,0,0.290557759139106,0,0.21309198576588,0,-0.0831295577778833,0,0,0,0,0,0,0,0,-0.0325319021431117,0,0,0,0,0,0,0.340863995176677,0,0.362004814139118,0,-0.418085169816365,0,0,0,0,0,0,0,0,0,0,0,0,0,0,0,-0.410766423112901,0,0.330465979649606,0,0.455176701090793,0,0,0,0,0,0,0,0,0,0,0,0,0,0,0,-0.428150412130156,0,-0.373929656430552,0,-0.180487511563496,0,0,0,0,0,0,0,0,0,0,0,0,0,0,0
"6",0,0,0,0.405808347996356,0,-0.522784243894476,0,-0.245360951200158,0,0,0,0,0,0,0,0,0,0.253327995730061,0,0,0,0,0,0.349086911308354,0,0.349006554065416,0,0.423852872019983,0,0,0,0,0,0,0,0,0,0.227227620073565,0,0,0,0,0,-0.367376052993286,0,0.470160706659869,0,-0.343383450374875,0,0,0,0,0,0,0,0,0,-0.355561714120335,0,0,0,0,0,0.374057032661336,0,0.486663418714567,0,-0.283024333862489,0,0,0,0,0,0,0,0,0,-0.25998543175197,0,0,0,0,0,-0.306936282227478,0,0.220855743193078,0,0.17919947282799,0,0,0,0,0,0,0,0,0,0.334684434955784,0,0,0,0,0,-0.320307258471059,0,0.419497553485296,0,-0.297809531418011,0,0,0,0,0,0,0,0.0361631223998547,0,-0.283791389115093,0,0,0,0,0,-0.325974666446206,0,0,0,-0.29047599245349,0,0,0,0,0,0,0,-0.0507463301624814,0,0.201903182360779,0,0,0,0,0,0.375582980597183,0,0.0927747805770792,0,0.34901782338347,0,0,0,0,0,0,0,0,0,0.261129091460214,0,0,0,0,0,-0.300283643481847,0,0.305137530039918,0,-0.351524039001684,0,0,0,0,0,0,0,0,0,0.374746495800249,0,0,0,0,0,0.268909397617225,0,-0.488229926658723,0,-0.311765932202464,0,0,0,0,0,0,0,0,0,0.284727472926802,0,0,0,0,0,0.342586475652147,0,-0.620862849155042,0,-0.29140344778797,0,0,0,0,0,0,0,0,0,-0.236455446661797,0,0,0,0,0,0.179832556799636,0,-0.226393265317338,0,-0.192845133802964,0,0,0,0,0,0,0,0,0,0.27711070055395,0,0,0,0,0,0.446336191098407,0,-0.398594243521428,0,-0.223526098677086,0,0,0,0,0,0,0,0,0,-0.264787844165515,0,0,0,0,0,-0.210761174580251,0,-0.242397235169255,0,0.264595263579153,0,0,0,0,0,0,0,0.0241423075851654,0,-0.224559183820195,0,0,0,0,0,0.380324907272882,0,-0.128573977931726,0,0.238092011841982,0,0,0,0,0,0,0,0,0,0.355219356607994,0,0,0,0,0,0.283066755927578,0,-0.196935854838599,0,-0.259316982305989,0,0,0,0,0,0,0,0.0220719913816247,0,-0.164854997401326,0,0,0,0,0,0.285761302279735,0,0.0884607005729067,0,0.215040046589286,0,0,0,0,0,0,0,0,0,-0.347536854297349,0,0,0,0,0,-0.310742060158179,0,-0.0454624220454993,0,0.28364549358544,0,0,0,0,0,0,0,0,0,0.159755631803548,0,0,0,0,0,-0.277059007464938,0,0.177979529449895,0,-0.211440489861567,0,0,0,0,0,0,0,0,0,-0.410678691840898,0,0,0,0,0,0.322383669750897,0,-0.303026454740674,0,-0.235771559635403,0,0,0,0,0,0,0,0,0,-0.391514403845166,0,0,0,0,0,0.239975642619192,0,-0.420153510347915,0,-0.208517371173235,0,0,0,0,0,0,0,0,0,0.172860625431198,0,0,0,0,0,-0.33190221666058,0,-0.644017890736004,0,0.261711543290397,0,0,0,0,0,0,0,0,0,0.275082400901824,0,0,0,0,0,-0.372382437954677,0,-0.14686133283784,0,0.329837209392902,0,0,0,0,0,0,0,0.0260443840857014,0,0.297951622271996,0,0,0,0,0,0.346015698074428,0,0.10780320024034,0,0.232978566067672,0,0,0,0,0,0,0,0,0,-0.311138573435475,0,0,0,0,0,-0.425476987495685,0,-0.16838432925309,0,-0.27537436399699,0,0,0,0,0,0,0,0,0,-0.396485065107736,0,0,0,0,0,0.312424202070558,0,-0.191785593953469,0,-0.404469068113394,0,0,0,0,0,0,0,0.0753719960927564,0,-0.364880209568611,0,0,0,0,0,-0.320468075465983,0,-0.499038165150123,0,-0.233171360955161,0,0,0,0,0,0,0,0,0,-0.273732344922085,0,0,0,0,0,0.29146577439797,0,0.0327870786929337,0,0.358414608483666,0,0,0,0,0,0,0,0,0,-0.249295504432292,0,0,0,0,0,-0.277915224460316,0,0.240830243705806,0,0.237900641819227,0,0,0,0,0,0,0,0,0,-0.356048365850558,0,0,0,0,0,0.31084231397707,0,-0.325565295189981,0,-0.272536502048139,0,0,0,0,0,0,0,0,0,-0.208785091141048,0,0,0,0,0,-0.376225656950881,0,0.136875902795445,0,0.138148371516206,0,0,0,0,0,0,0,0,0,-0.404339531497496,0,0,0,0,0,0.336916774934173,0,-0.0979804674015855,0,0.397431486586862,0,0,0,0,0,0,0,0,0,-0.256891554652098,0,0,0,0,0,-0.331135035570115,0,-0.155980210743688,0,0.195237224177465,0,0,0,0,0,0,0,0,0,-0.303685087377655,0,0,0,0,0,0.350380764310819,0,-0.466091520648881,0,-0.280486269436808,0,0,0,0,0,0,0,0,0,-0.387372495692264,0,0,0,0,0,0.312820094076533,0,-0.440598276612824,0,0.250333848986237,0,0,0,0,0,0,0,0,0,-0.454800027464311,0,0,0,0,0,-0.36217779416971,0,-0.306030191435976,0,-0.268025647670029,0,0,0,0,0,0,0,0,0,0.325636628349324,0,0,0,0,0,-0.416277081660996,0,0.392930548356165,0,-0.249280098695767,0,0,0,0,0,0,0,0,0,0.370411672489796,0,0,0,0,0,-0.193633755595043,0,-0.480596310529499,0,-0.324184984790329,0,0,0,0,0,0,0,0,0,-0.367999933100059,0,0,0,0,0,0.245130854259056,0,0.0599341364506765,0,-0.300472979825764,0,0,0,0,0,0,0,0,0,0.305152994518894,0,0,0,0,0,0.388210802998183,0,0.063558924847678,0,0.330247357759478,0,0,0,0,0,0,0,0,0,-0.29066543729531,0,0,0,0,0,0.351832601078343,0,0.501071888803373,0,0.186456309208428,0,0,0,0,0,0,0,0,0,0.3135080174329,0,0,0,0,0,-0.297716528060132,0,0.467955270640474,0,-0.23179205270425,0,0,0,0,0,0,0,0,0,0.370713233179889,0,0,0,0,0,0.231419392456377,0,0.541890434230461,0,0.194728417598517,0,0,0,0,0,0,0,-0.0215115041444167,0,-0.279583211316742,0,0,0,0,0,0.439490991251741,0,-0.0265820450954129,0,-0.220023607359852,0,0,0,0,0,0,0,0,0,-0.350163132418593,0,0,0,0,0,0.340882202971236,0,0.273144022443482,0,0.23309800021459,0,0,0,0,0,0,0,0,0,-0.226471370483577,0,0,0,0,0,-0.336479470388804,0,-0.304947019603436,0,0.325689108404704,0,0,0,0,0,0,0,0,0,0.305071107457575,0,0,0,0,0,-0.264220037134293,0,0.320580312008193,0,-0.225980937837037,0,0,0,0,0,0,0,0,0,0.390943942614264,0,0,0,0,0,-0.273018900382383,0,0.195796537539556,0,0.156955390819335,0,0,0,0,0,0,0,0,0,-0.349900723306798,0,0,0,0,0,0.219486657005309,0,0.159910335843088,0,0.340742616388773,0,0,0,0,0,0,0,0,0,0.244349684931367,0,0,0,0,0,0.294523936301879,0,-0.226823927627941,0,-0.255706090623286,0,0,0,0,0,0,0,0,0,0.271842716450736,0,0
"7",0,0,0,0,0,0,0.043816874669569,0,0,0,0,0,0,0.238529195097816,0,0,0,0,0,0,0,0,0,0,0,0,-0.211979406780892,0,0,0,0,0,0,0.436839005826157,0,0,0,0,0,0,0,0,0,0,0,0,-0.0901354098273403,0,0,0,0,0,0,0.300529659978194,0,0,0,0,0,0,0,0,0,0,0,0,0.291600488038939,0,0,0,0,0,0,0.3646189889415,0,0,0,0,0,0,0,0,0,0,0,0,0,0,0,0,0,0,0,-0.361157579788248,0,0,0,0,0,0,0,0,0,0,0,0,0.128472764912492,0,0,0,0,0,0,-0.346843344497796,0,0,0,0,0,0,0,0,0,0,0,0,0.462229134682751,0,0,0,0,0,0,-0.418298895887718,0,0,0,0,0,0,0,0,0,0,0,0,0.515089995413217,0,0,0,0,0,0,0.421457253353519,0,0,0,0,0,0,0,0,0,0,0,0,-0.190309967924492,0,0,0,0,0,0,-0.346981764081795,0,0,0,0,0,0,0,0,0,0,0,0,0,0,0,0,0,0,0,0.222223699237252,0,0,0,0,0,0,0,0,0,0,0,0,0.0461644835715537,0,0,0,0,0,0,-0.284791326286093,0,0,0,0,0,0,0,0,0,0,0,0,0.194706164666341,0,0,0,0,0,0,-0.299361139599223,0,0,0,0,0,0,0,0,0,0,0,0,-0.287120865660375,0,0,0,0,0,0,-0.305348117920663,0,0,0,0,0,0,0,0,0,0,0,0,-0.236824288112987,0,0,0,0,0,0,0.346767816903897,0,0,0,0,0,0,0,0,0,0,0,0,0.23272925844438,0,0,0,0,0,0,0.259878112535727,0,0,0,0,0,0,0,0,0,0,0,0,-0.546228945298802,0,0,0,0,0,0,-0.221009482544413,0,0,0,0,0,0,0,0,0,0,0,0,0.408696588802757,0,0,0,0,0,0,-0.306090030519058,0,0,0,0,0,0,0,0,0,0,0,0,0.28050736398414,0,0,0,0,0,0,-0.318697838936422,0,0,0,0,0,0,0,0,0,0,0,0,-0.187414498078863,0,0,0,0,0,0,-0.297220159735481,0,0,0,0,0,0,0,0,0,0,0,0,0.156901326564316,0,0,0,0,0,0,-0.434699708595432,0,0,0,0,0,0,0,0,0,0,0,0,0,0,0,0,0,0,0,0.267417815928729,0,0,0,0,0,0,0,0,0,0,0,0,-0.370322568919885,0,0,0,0,0,0,-0.21475901499578,0,0,0,0,0,0,0,0,0,0,0,0,0.118952821140751,0,0,0,0,0,0,-0.347221608809395,0,0,0,0,0,0,0,0,0,0,0,0,-0.495643593626284,0,0,0,0,0,0,-0.458777296287705,0,0,0,0,0,0,0,0,0,0,0,0,0,0,0,0,0,0,0,-0.273112969188915,0,0,0,0,0,0,0,0,0,0,0,0,0.0952188951645453,0,0,0,0,0,0,0.205619907700295,0,0,0,0,0,0,0,0,0,0,0,0,-0.150362192523205,0,0,0,0,0,0,-0.235859930042785,0,0,0,0,0,0,0,0,0,0,0,0,0,0,0,0,0,0,0,-0.284855800463403,0,0,0,0,0,0,0,0,0,0,0,0,0,0,0,0,0,0,0,0.273642739348227,0,0,0,0,0,0,0,0,0,0,0,0,-0.239857288116118,0,0,0,0,0,0,0.234094541921656,0,0,0,0,0,0,0,0,0,0,0,0,0.303377756643346,0,0,0,0,0,0,0.401120270043353,0,0,0,0,0,0,0,0,0,0,0,0,-0.0650091957132725,0,0,0,0,0,0,-0.406691467444736,0,0,0,0,0,0,0,0,0,0,0,0,0.488139107067028,0,0,0,0,0,0,-0.199414625013197,0,0,0,0,0,0,0,0,0,0,0,0,-0.437815744220349,0,0,0,0,0,0,0.393790931214842,0,0,0,0,0,0,0,0,0,0,0,0,-0.222412043084369,0,0,0,0,0,0,-0.218492780743594,0,0,0,0,0,0,0,0,0,0,0,0,0.0376918980802345,0,0,0,0,0,0,0.214667604167021,0,0,0,0,0,0,0,0,0,0,0,0,0.195679193163259,0,0,0,0,0,0,-0.326181295553581,0,0,0,0,0,0,0,0,0,0,0,0,-0.518707791747979,0,0,0,0,0,0,-0.230998430430393,0,0,0,0,0,0,0,0,0,0,0,0,-0.409368546624706,0,0,0,0,0,0,0.325440769627068,0,0,0,0,0,0,0,0,0,0,0,0,0.4435080739447,0,0,0,0,0,0,-0.37631441606559,0,0,0,0,0,0,0,0,0,0,0,0,0.263594097009247,0,0,0,0,0,0,-0.203163449266656,0,0,0,0,0,0,0,0,0,0,0,0,0.282783912005489,0,0,0,0,0,0,-0.377500693408603,0,0,0,0,0,0,0,0,0,0,0,0,0.043163131241664,0,0,0,0,0,0,0.272364301237107,0,0,0,0,0,0,0,0,0,0,0,0,-0.253229111300151,0,0,0,0,0,0,0.281492081264395,0,0,0,0,0,0,0,0,0,0,0,0,-0.0694886768954218,0,0,0,0,0,0,-0.385673604107793,0,0,0,0,0,0,0,0,0,0,0,0,-0.217072401221543,0,0,0,0,0,0,0.345626337470261,0,0,0,0,0,0,0,0,0,0,0,0,0,0,0,0,0,0,0,0.305559721090261,0,0,0,0,0,0,0,0,0,0,0,0,0.309481680848016,0,0,0,0,0,0,0.343988761154589,0,0,0,0,0,0,0,0,0,0,0,0,-0.273618815136006,0,0,0,0,0,0,0.238656384487747,0,0,0,0,0,0,0,0,0,0,0,0,-0.412372375374628,0,0,0,0,0,0,0.401158904836006,0,0,0,0,0,0
"8",0,0,0,0,0,0,0,-0.274096752081606,0,0,0,0,0,0,0,0,0,0,0,0,0,0,0,0,0,0,0,0.114253933371418,0,0,0,0,0,0,0,0,0,0,0,0,0,0,0,0,0,0,0,-0.305577766989335,0,0,0,0,0,0,0,0,0,0,0,0,0,0,0,0,0,0,0,-0.225320143381489,0,0,0,0,0,0,0,0,0,0,0,0,0,0,0,0,0,0,0,0.163253578341305,0,0,0,0,0,0,0,0,0,0,0,0,0,0,0,0,0,0,0,0.257656422895398,0,0,0,0,0,0,0,0,0,0,0,0,0,0,0,0,0,0,0,-0.423459596414178,0,0,0,0,0,0,0,0,0,0,0,0,0,0,0,0,0,0,0,0.255986683247143,0,0,0,0,0,0,0,0,0,0,0,0,0,0,0,0,0,0,0,-0.0806524679926548,0,0,0,0,0,0,0,0,0,0,0,0,0,0,0,0,0,0,0,-0.0699499294423459,0,0,0,0,0,0,0,0,0,0,0,0,0,0,0,0,0,0,0,0.34485032328835,0,0,0,0,0,0,0,0,0,0,0,0,0,0,0,0,0,0,0,0.128176476302607,0,0,0,0,0,0,0,0,0,0,0,0,0,0,0,0,0,0,0,0.252775471033368,0,0,0,0,0,0,0,0,0,0,0,0,0,0,0,0,0,0,0,0.272870065742343,0,0,0,0,0,0,0,0,0,0,0,0,0,0,0,0,0,0,0,-0.160820096389861,0,0,0,0,0,0,0,0,0,0,0,0,0,0,0,0,0,0,0,0.341993011472498,0,0,0,0,0,0,0,0,0,0,0,0,0,0,0,0,0,0,0,0.0304516808876562,0,0,0,0,0,0,0,0,0,0,0,0,0,0,0,0,0,0,0,-0.441587752684827,0,0,0,0,0,0,0,0,0,0,0,0,0,0,0,0,0,0,0,-0.395465867805208,0,0,0,0,0,0,0,0,0,0,0,0,0,0,0,0,0,0,0,-0.261128625827301,0,0,0,0,0,0,0,0,0,0,0,0,0,0,0,0,0,0,0,0.437192938112112,0,0,0,0,0,0,0,0,0,0,0,0,0,0,0,0,0,0,0,-0.18519229782373,0,0,0,0,0,0,0,0,0,0,0,0,0,0,0,0,0,0,0,-0.326637774626486,0,0,0,0,0,0,0,0,0,0,0,0,0,0,0,0,0,0,0,0.249115338037785,0,0,0,0,0,0,0,0,0,0,0,0,0,0,0,0,0,0,0,0.101228768910718,0,0,0,0,0,0,0,0,0,0,0,0,0,0,0,0,0,0,0,-0.255270001388718,0,0,0,0,0,0,0,0,0,0,0,0,0,0,0,0,0,0,0,-0.197551693216003,0,0,0,0,0,0,0,0,0,0,0,0,0,0,0,0,0,0,0,0.0328180698049061,0,0,0,0,0,0,0,0,0,0,0,0,0,0,0,0,0,0,0,-0.0388541884678792,0,0,0,0,0,0,0,0,0,0,0,0,0,0,0,0,0,0,0,0.0357787358862286,0,0,0,0,0,0,0,0,0,0,0,0,0,0,0,0,0,0,0,-0.14992653939173,0,0,0,0,0,0,0,0,0,0,0,0,0,0,0,0,0,0,0,-0.411660611739916,0,0,0,0,0,0,0,0,0,0,0,0,0,0,0,0,0,0,0,-0.111140957239577,0,0,0,0,0,0,0,0,0,0,0,0,0,0,0,0,0,0,0,0.193462781197103,0,0,0,0,0,0,0,0,0,0,0,0,0,0,0,0,0,0,0,0.434627425880801,0,0,0,0,0,0,0,0,0,0,0,0,0,0,0,0,0,0,0,0.434566031157299,0,0,0,0,0,0,0,0,0,0,0,0,0,0,0,0,0,0,0,0.345650286296338,0,0,0,0,0,0,0,0,0,0,0,0,0,0,0,0,0,0,0,-0.421333021022168,0,0,0,0,0,0,0,0,0,0,0,0,0,0,0,0,0,0,0,0.408425443852389,0,0,0,0,0,0,0,0,0,0,0,0,0,0,0,0,0,0,0,-0.131940550823004,0,0,0,0,0,0,0,0,0,0,0,0,0,0,0,0,0,0,0,-0.2752864276365,0,0,0,0,0,0,0,0,0,0,0,0,0,0,0,0,0,0,0,-0.154663096462288,0,0,0,0,0,0,0,0,0,0,0,0,0,0,0,0,0,0,0,0.135017475801573,0,0,0,0,0,0,0,0,0,0,0,0,0,0,0,0,0,0,0,-0.0788660780329997,0,0,0,0,0,0,0,0,0,0,0,0,0,0,0,0,0,0,0,0.163483767735056,0,0,0,0,0,0,0,0,0,0,0,0,0,0,0,0,0,0,0,-0.329568661603687,0,0,0,0,0,0,0,0,0,0,0,0,0,0,0,0,0,0,0,-0.36730624432953,0,0,0,0,0,0,0,0,0,0,0,0,0,0,0,0,0,0,0,-0.435993956459678,0,0,0,0,0,0,0,0,0,0,0,0,0,0,0,0,0,0,0,-0.040236230856658,0,0,0,0,0,0,0,0,0,0,0,0,0,0,0,0,0,0,0,-0.134315127232628,0,0,0,0,0,0,0,0,0,0,0,0
"9",0,0,0,0,0,0,0,0,0.485370011313048,0,0,0,0,0,0,0,0,0,0,0,0,0,0,0,0,0,0,0,0.195228978561069,0,0,0,0,0,0,0,0,0,0,0,0,0,0,0,0,0,0,0,-0.0947048152357241,0,0,0,0,0,0,0,0,0,0,0,0,0,0,0,0,0,0,0,-0.459526739856901,0,0,0,0,0,0,0,0,0,0,0,0,0,0,0,0,0,0,0,-0.170916316371381,0,0,0,0,0,0,0,0,0,0,0,0,0,0,0,0,0,0,0,0.394698583522759,0,0,0,0,0,0,0,0,0,0,0,0,0,0,0,0,0,0,0,-0.361357251553214,0,0,0,0,0,0,0,0,0,0,0,0,0,0,0,0,0,0,0,0.250466082195068,0,0,0,0,0,0,0,0,0,0,0,0,0,0,0,0,0,0,0,-0.129580311666137,0,0,0,0,0,0,0,0,0,0,0,0,0,0,0,0,0,0,0,-0.194631396916722,0,0,0,0,0,0,0,0,0,0,0,0,0,0,0,0,0,0,0,-0.284376731186521,0,0,0,0,0,0,0,0,0,0,0,0,0,0,0,0,0,0,0,-0.23749764851899,0,0,0,0,0,0,0,0,0,0,0,0,0,0,0,0,0,0,0,-0.182513008102475,0,0,0,0,0,0,0,0,0,0,0,0,0,0,0,0,0,0,0,0.308134676247852,0,0,0,0,0,0,0,0,0,0,0,0,0,0,0,0,0,0,0,0.204035411997861,0,0,0,0,0,0,0,0,0,0,0,0,0,0,0,0,0,0,0,0.413949079238547,0,0,0,0,0,0,0,0,0,0,0,0,0,0,0,0,0,0,0,-0.257749711221278,0,0,0,0,0,0,0,0,0,0,0,0,0,0,0,0,0,0,0,-0.289122856842956,0,0,0,0,0,0,0,0,0,0,0,0,0,0,0,0,0,0,0,-0.297702274843697,0,0,0,0,0,0,0,0,0,0,0,0,0,0,0,0,0,0,0,0.0296675760665105,0,0,0,0,0,0,0,0,0,0,0,0,0,0,0,0,0,0,0,0.0947305855951191,0,0,0,0,0,0,0,0,0,0,0,0,0,0,0,0,0,0,0,-0.33344804033421,0,0,0,0,0,0,0,0,0,0,0,0,0,0,0,0,0,0,0,-0.183627861058726,0,0,0,0,0,0,0,0,0,0,0,0,0,0,0,0,0,0,0,-0.146897226805802,0,0,0,0,0,0,0,0,0,0,0,0,0,0,0,0,0,0,0,0.0310139899289269,0,0,0,0,0,0,0,0,0,0,0,0,0,0,0,0,0,0,0,0.150082865110549,0,0,0,0,0,0,0,0,0,0,0,0,0,0,0,0,0,0,0,0.0386507990521944,0,0,0,0,0,0,0,0,0,0,0,0,0,0,0,0,0,0,0,0.140836953042309,0,0,0,0,0,0,0,0,0,0,0,0,0,0,0,0,0,0,0,-0.0903520865594332,0,0,0,0,0,0,0,0,0,0,0,0,0,0,0,0,0,0,0,-0.444302652144612,0,0,0,0,0,0,0,0,0,0,0,0,0,0,0,0,0,0,0,0.218854077596371,0,0,0,0,0,0,0,0,0,0,0,0,0,0,0,0,0,0,0,0.317693254993672,0,0,0,0,0,0,0,0,0,0,0,0,0,0,0,0,0,0,0,0.0904138218921914,0,0,0,0,0,0,0,0,0,0,0,0,0,0,0,0,0,0,0,-0.130477397999686,0,0,0,0,0,0,0,0,0,0,0,0,0,0,0,0,0,0,0,-0.409472368235466,0,0,0,0,0,0,0,0,0,0,0,0,0,0,0,0,0,0,0,0.0781559184551663,0,0,0,0,0,0,0,0,0,0,0,0,0,0,0,0,0,0,0,0.158132311087125,0,0,0,0,0,0,0,0,0,0,0,0,0,0,0,0,0,0,0,-0.0361339689178139,0,0,0,0,0,0,0,0,0,0,0,0,0,0,0,0,0,0,0,-0.455512798192627,0,0,0,0,0,0,0,0,0,0,0,0,0,0,0,0,0,0,0,-0.48821821160677,0,0,0,0,0,0,0,0,0,0,0,0,0,0,0,0,0,0,0,0.517997127093348,0,0,0,0,0,0,0,0,0,0,0,0,0,0,0,0,0,0,0,-0.0492278939610114,0,0,0,0,0,0,0,0,0,0,0,0,0,0,0,0,0,0,0,0.41400039621499,0,0,0,0,0,0,0,0,0,0,0,0,0,0,0,0,0,0,0,0.55540868592958,0,0,0,0,0,0,0,0,0,0,0,0,0,0,0,0,0,0,0,-0.307877211389941,0,0,0,0,0,0,0,0,0,0,0,0,0,0,0,0,0,0,0,-0.130963747248535,0,0,0,0,0,0,0,0,0,0,0,0,0,0,0,0,0,0,0,0.361503502897792,0,0,0,0,0,0,0,0,0,0,0,0,0,0,0,0,0,0,0,-0.406023314311995,0,0,0,0,0,0,0,0,0,0,0,0,0,0,0,0,0,0,0,0.115248959032717,0,0,0,0,0,0,0,0,0,0,0,0,0,0,0,0,0,0,0,0.173613323545395,0,0,0,0,0,0,0,0,0,0,0
"10",0,0,0,0.265458096083401,0,0,0,0,0,0.0323573366034314,0,0,0,-0.307299847705235,0,0,0,0,0,0,0,0,0,0.448888328697547,0,0,0,0,0,-0.354024059672193,0,0,0,-0.30590231293823,0,0,0,0,0,0,0,0,0,-0.345845090710097,0,0,0,0,0,0.371414655274338,0,0,0,0.339824543178783,0,0,0,0,0,0,0,0,0,-0.279813711193156,0,0,0,0,0,0.0379405126093698,0,0,0,-0.341473341187316,0,0,0,0,0,0,0,0,0,0.331931378675536,0,0,0,0,0,-0.143109568495803,0,0,0,0.274627931767607,0,0,0,0,0,0,0,0,0,-0.39452354394425,0,0,0,0,0,0.320338798089925,0,0,0,0.268124683786299,0,0,0,0,0,0,0,0,0,-0.367424286018132,0,0,0,0,0,0,0,0,0,-0.325560312101841,0,0,0,0,0,0,0,0,0,-0.284409903767618,0,0,0,0,0,-0.452738389588435,0,0,0,0.297768865237587,0,0,0,0,0,0,0,0,0,-0.391093681264886,0,0,0,0,0,-0.367721493412581,0,0,0,0.244866880445273,0,0,0,0,0,0,0,0,0,-0.417274153414906,0,0,0,0,0,-0.443105629279748,0,0,0,-0.306959096168816,0,0,0,0,0,0,0,0,0,-0.33169247008519,0,0,0,0,0,0.0908439389695924,0,0,0,-0.320935289439157,0,0,0,0,0,0,0,0,0,-0.330749909609233,0,0,0,0,0,0,0,0,0,-0.203380943638228,0,0,0,0,0,0,0,0,0,-0.28980468997159,0,0,0,0,0,-0.166309473462157,0,0,0,0.273459436946163,0,0,0,0,0,0,0,0,0,0.346033919399039,0,0,0,0,0,-0.126488507754854,0,0,0,0.349886228217637,0,0,0,0,0,0,0,0,0,-0.278136914484119,0,0,0,0,0,-0.333435207262512,0,0,0,-0.31833815375923,0,0,0,0,0,0,0,0,0,-0.412447584146725,0,0,0,0,0,0.493863040800664,0,0,0,-0.377981314279,0,0,0,0,0,0,0,0,0,-0.35122910905688,0,0,0,0,0,-0.0923614528317665,0,0,0,-0.312401373387446,0,0,0,0,0,0,0,0,0,0.274327655637383,0,0,0,0,0,-0.298676641360831,0,0,0,-0.301191991813714,0,0,0,0,0,0,0,0,0,-0.373482453990691,0,0,0,0,0,0.392143476181498,0,0,0,-0.308655645488519,0,0,0,0,0,0,0,0,0,0.3922024011925,0,0,0,0,0,0.447952318686979,0,0,0,-0.299757652071638,0,0,0,0,0,0,0,0,0,-0.366793376576544,0,0,0,0,0,-0.356512426746348,0,0,0,-0.294405405547526,0,0,0,0,0,0,0,0,0,0.354816665787299,0,0,0,0,0,-0.0992080045201118,0,0,0,0.291403214650428,0,0,0,0,0,0,0,0,0,0.416725199409479,0,0,0,0,0,0.521776118372474,0,0,0,0.158501090420663,0,0,0,0,0,0,0,0,0,-0.330068587132807,0,0,0,0,0,0.105816962715527,0,0,0,0.285308497054154,0,0,0,0,0,0,0,0,0,-0.347563510178949,0,0,0,0,0,-0.38283802960888,0,0,0,0.307447458249023,0,0,0,0,0,0,0,0,0,-0.327657303453994,0,0,0,0,0,0.28560724705482,0,0,0,-0.321836629072957,0,0,0,0,0,0,0,0,0,0.339316005989721,0,0,0,0,0,-0.158301368580227,0,0,0,0.276983975604293,0,0,0,0,0,0,0,0,0,-0.288552896896343,0,0,0,0,0,-0.109197200826305,0,0,0,-0.435524719527695,0,0,0,0,0,0,0,0,0,-0.266125453150408,0,0,0,0,0,-0.357148053920635,0,0,0,-0.341565224633471,0,0,0,0,0,0,0,0,0,0.241863797631123,0,0,0,0,0,0,0,0,0,0.0562248075805889,0,0,0,0,0,0,0,0,0,-0.270421341708985,0,0,0,0,0,0.0607292293363972,0,0,0,-0.340180283254664,0,0,0,0,0,0,0,0,0,0.30078694935179,0,0,0,0,0,-0.387011183508082,0,0,0,-0.343926353005271,0,0,0,0,0,0,0,0,0,0.399235942037843,0,0,0,0,0,0.393068906896466,0,0,0,-0.272385786114448,0,0,0,0,0,0,0,0,0,-0.415637503451854,0,0,0,0,0,0.419212031259892,0,0,0,-0.267466119540452,0,0,0,0,0,0,0,0,0,-0.383647632979679,0,0,0,0,0,0.261820421473724,0,0,0,-0.261945528490857,0,0,0,0,0,0,0,0,0,0.304006273461661,0,0,0,0,0,-0.0242221463740364,0,0,0,0.311546380788431,0,0,0,0,0,0,0,0,0,0.319910408209897,0,0,0,0,0,0.0388719953140237,0,0,0,0.349501483912969,0,0,0,0,0,0,0,0,0,-0.348294741934812,0,0,0,0,0,-0.580925521887702,0,0,0,-0.281255581904973,0,0,0,0,0,0,0,0,0,0.358819271040796,0,0,0,0,0,0.498717488851369,0,0,0,0.41790331089859,0,0,0,0,0,0,0,0,0,-0.281812358952882,0,0,0,0,0,0.136462600052394,0,0,0,0.186923541665067,0,0,0,0,0,0,0,0,0,0.3815756901935,0,0,0,0,0,0.333411823264499,0,0,0,0.336668829766743,0,0,0,0,0,0,0,0,0,-0.324945050021348,0,0,0,0,0,0.514186557013998,0,0,0,-0.3562228767274,0,0,0,0,0,0,0,0,0,-0.326883672359286,0,0,0,0,0,0.402978333131382,0,0,0,-0.292997398559677,0,0,0,0,0,0,0,0,0,0.38131024692052,0,0,0,0,0,-0.20864955680854,0,0,0,0.212240643775562,0,0,0,0,0,0,0,0,0,0.337756942444982,0,0,0,0,0,0.203350673633856,0,0,0,-0.334834621934099,0,0,0,0,0,0,0,0,0,0.438844519520218,0,0,0,0,0,-0.386382580087909,0,0,0,-0.303513534607869,0,0,0,0,0,0,0,0,0,-0.319168612872435,0,0,0,0,0,0.305736232708045,0,0,0,0.275305498810567,0,0,0,0,0,0,0,0,0,-0.269239370879381,0,0,0,0,0,0.334567962636726,0,0,0,0.411917576984402,0,0,0,0,0,0,0,0,0,-0.204411205328769,0,0,0,0,0,-0.433061981902378,0,0,0,0.271693893547846,0,0,0,0,0,0,0,0,0,-0.355233489697586,0,0,0,0,0,0.332599169047954,0,0,0,-0.279329669754084,0,0,0,0,0,0
"11",0,0,0,0,0,0,0,0,0.2353546507523,0,-0.142434861835846,-0.0245854069904235,0,-0.152842932350576,0,0,0,0,0,0,0,0,0,0,0,0,0,0,-0.321142236808857,0,0.0871329452561818,0,0,-0.340052721984942,0,0,0,0,0,0,0,0,0,0,0,0,0,0,0.354053936625873,0,0.314590040620891,0,0,-0.208105819268006,0,0,0,0,0,0,0,0,0,0,0,0,0,0,0.243383253860267,0,-0.226144986234809,0,0,-0.424404534492849,0,0,0,0,0,0,0,0,0,0,0,0,0,0,-0.267682776319633,0,-0.254912806568394,0,0,-0.33286910423176,0,0,0,0,0,0,0,0,0,0,0,0,0,0,0.259765097444202,0,-0.0428142952223711,0,0,-0.205880549695562,0,0,0,0,0,0,0,0,0,0,0,0,0,0,-0.242225531684527,0,0.283696109169986,0,0,0.273792525330037,0,0,0,0,0,0,0,0,0,0,0,0,0,0,0.290868413654741,0,0,0,0,-0.334380196266199,0,0,0,0,0,0,0,0,0,0,0,0,0,0,-0.294664952728917,0,-0.109785627619216,0.0207936925146972,0,0.32497315865804,0,0,0,0,0,0,0,0,0,0,0,0,0,0,-0.197074438190512,0,0.369415000663017,0,0,-0.208924199391133,0,0,0,0,0,0,0,0,0,0,0,0,0,0,-0.126986833081675,0,-0.394039275526517,0,0,0.228627148234806,0,0,0,0,0,0,0,0,0,0,0,0,0,0,-0.216123244547379,0,-0.289419056851142,0,0,0.400601544368765,0,0,0,0,0,0,0,0,0,0,0,0,0,0,-0.306740116961639,0,-0.483912111648203,0,0,-0.271909763382631,0,0,0,0,0,0,0,0,0,0,0,0,0,0,-0.219920976706326,0,0.186960650703187,0,0,0.307076263917561,0,0,0,0,0,0,0,0,0,0,0,0,0,0,0.285468381326929,0,0.142668050800303,0,0,0.274155154710947,0,0,0,0,0,0,0,0,0,0,0,0,0,0,-0.308039772965389,0,0.398961593186734,-0.0318056852909001,0,-0.412580959477016,0,0,0,0,0,0,0,0,0,0,0,0,0,0,-0.325566548368405,0,-0.315254803118745,0,0,0.19011146050448,0,0,0,0,0,0,0,0,0,0,0,0,0,0,0.148641985095212,0,0.390520367267752,0,0,-0.255735635950539,0,0,0,0,0,0,0,0,0,0,0,0,0,0,-0.184590115860183,0,0.30015900080898,0.0675665084273977,0,-0.344814513941142,0,0,0,0,0,0,0,0,0,0,0,0,0,0,-0.189995250684008,0,0.10484357569021,0,0,-0.319270492201099,0,0,0,0,0,0,0,0,0,0,0,0,0,0,-0.222384463569656,0,0.411398883008955,0,0,0.293469188418575,0,0,0,0,0,0,0,0,0,0,0,0,0,0,0.380782358361393,0,-0.189556005126771,0,0,-0.357067561290032,0,0,0,0,0,0,0,0,0,0,0,0,0,0,-0.220195958341946,0,-0.151865716384845,0.0333011972372604,0,-0.16823123955352,0,0,0,0,0,0,0,0,0,0,0,0,0,0,0.255169020833802,0,0.398872644613226,-0.0201606386461752,0,0.236412447947543,0,0,0,0,0,0,0,0,0,0,0,0,0,0,0.198367310308987,0,-0.0857855028568426,0,0,0.300889591867809,0,0,0,0,0,0,0,0,0,0,0,0,0,0,-0.254262522993314,0,-0.22162920888545,0,0,0.327905863526442,0,0,0,0,0,0,0,0,0,0,0,0,0,0,-0.261816906834503,0,0.186625338720581,0,0,-0.373954474397267,0,0,0,0,0,0,0,0,0,0,0,0,0,0,0.218516012537394,0,-0.302494592085713,0,0,-0.254482878229208,0,0,0,0,0,0,0,0,0,0,0,0,0,0,-0.293021460835243,0,0.0542258263412465,0,0,-0.201295724382291,0,0,0,0,0,0,0,0,0,0,0,0,0,0,0.294773028974449,0,-0.309019489258172,0,0,0.288526293034244,0,0,0,0,0,0,0,0,0,0,0,0,0,0,0.191013253141849,0,0.378467307170673,0,0,0.291379131086436,0,0,0,0,0,0,0,0,0,0,0,0,0,0,0.274088131584194,0,0.479329550462886,0,0,-0.239074673664577,0,0,0,0,0,0,0,0,0,0,0,0,0,0,0.349647755379274,0,0.197189919574245,0,0,-0.289394492021026,0,0,0,0,0,0,0,0,0,0,0,0,0,0,-0.350493679270311,0,-0.0555633934453656,0,0,-0.44147341147488,0,0,0,0,0,0,0,0,0,0,0,0,0,0,-0.159720738489821,0,0.334132067290081,0,0,-0.212168501655149,0,0,0,0,0,0,0,0,0,0,0,0,0,0,0.322536712530214,0,-0.515605028451143,-0.0238124528750588,0,-0.332599659074982,0,0,0,0,0,0,0,0,0,0,0,0,0,0,0.296607882344818,0,0.258635607396879,0,0,-0.234726165976146,0,0,0,0,0,0,0,0,0,0,0,0,0,0,0.246478898845031,0,0.271836283870491,0,0,0.228253374140925,0,0,0,0,0,0,0,0,0,0,0,0,0,0,-0.340133326446195,0,-0.467956465619044,-0.0846808957677433,0,-0.278336011038076,0,0,0,0,0,0,0,0,0,0,0,0,0,0,-0.294255043783852,0,-0.195605369379691,0.0249600704181577,0,-0.289735246244728,0,0,0,0,0,0,0,0,0,0,0,0,0,0,0.238767227973395,0,0.0793095228456834,0.0200415443415124,0,-0.365240055499845,0,0,0,0,0,0,0,0,0,0,0,0,0,0,-0.316748621339038,0,0.397852426081344,0,0,0.292738459536807,0,0,0,0,0,0,0,0,0,0,0,0,0,0,-0.24360648032853,0,-0.145407430754032,0,0,0.228611201305877,0,0,0,0,0,0,0,0,0,0,0,0,0,0,-0.229711773659609,0,0,0.07761617031312,0,-0.311076941713775,0,0,0,0,0,0,0,0,0,0,0,0,0,0,0.221467245242347,0,-0.102497793513093,0,0,0.284398396569166,0,0,0,0,0,0,0,0,0,0,0,0,0,0,0.231567043619882,0,0.14519476673439,0,0,0.314755218260211,0,0,0,0,0,0,0,0,0,0,0,0,0,0,0.200242374624231,0,-0.39540377195764,0.026685219049489,0,0.352073841826503,0,0,0,0,0,0,0,0,0,0,0,0,0,0,0.267556813257783,0,-0.0745411276806606,0,0,-0.30910792041579,0,0,0,0,0,0,0,0,0,0,0,0,0,0,-0.202904264979193,0,0.448901662555801,0,0,-0.251170870224352,0,0,0,0,0,0,0,0,0,0,0,0,0,0,0.297911455352111,0,-0.334344188397435,0,0,-0.341733126531016,0,0,0,0,0,0
"12",-0.0569070884516504,0,0,0,0,0,0,0.333464179387871,-0.228324592296623,0,0,-0.188641201384253,0,0,0,-0.245016092875678,0,0,0,0,0,0,0,0,0,0,0,-0.191999737142196,-0.242678080911024,0,0,-0.21553217355813,0,0,0,0.25969442027231,0,0,0,0,-0.0202803860307874,0,0,0,0,0,0,-0.0913660075411723,0.326719273107551,0,0,0.446097259495938,0,0,0,0.339676210739432,0,0,0,0,0,0,0,0,0,0,0,0.24030501101787,0.25372912462491,0,0,-0.271387918751422,0,0,0,-0.267709412306856,0,0,0,0,0,0,0,0,0,0,0,0.26787168764257,0.333410273936285,0,0,-0.527286800466674,0,0,0,0.251556530856646,0,0,0,0,0,0,0,-0.099361738300934,0,0,0,-0.251665120911085,0.305095289163907,0,0,-0.385130108304462,0,0,0,-0.262991871530183,0,0,0,0,0,0,0,0,0,0,0,0.275715983418459,0.170886484478195,0,0,0.130469348258639,0,0,0,-0.212353025167184,0,0,0,0,-0.0374480582904233,0,0,0,0,0,0,-0.303720031214698,0.370730204737092,0,0,-0.262784584746699,0,0,0,0.394409801658992,0,0,0,0,0,0,0,0,0,0,0,-0.350987885201631,0.286629776300631,0,0,-0.23414500289954,0,0,0,0.211648863753787,0,0,0,0,0,0,0,0.0804868961803899,0,0,0,-0.219735828680665,0.221304733380395,0,0,-0.0790068587541767,0,0,0,0.323572522738136,0,0,0,0,0,0,0,0.0263647724266773,0,0,0,-0.296666261714232,0.383541278631967,0,0,-0.222914661445118,0,0,0,0.284112592035298,0,0,0,0,0,0,0,0,0,0,0,0.297640470480573,-0.231497653716644,0,0,-0.192063716462614,0,0,0,0.29904495678943,0,0,0,0,0,0,0,-0.0422124731856016,0,0,0,0.226151810845883,-0.41777637657062,0,0,-0.309935742645049,0,0,0,-0.276457347498577,0,0,0,0,0,0,0,0,0,0,0,0.240545544956305,-0.328009862688144,0,0,-0.29558413972545,0,0,0,-0.288815003635857,0,0,0,0,-0.0409371383373673,0,0,0.0261569992754332,0,0,0,-0.349916271029376,0.217081845608917,0,0,-0.14776460100464,0,0,0,0.459299869842823,0,0,0,0,0,0,0,-0.0226198467772302,0,0,0,-0.187106668524206,0.249059385420265,0,0,0.363341293446133,0,0,0,0.318332979632991,0,0,0,0,0,0,0,-0.0249322143205731,0,0,0,0.321552358685389,0.335040317994102,0,0,-0.255129926504627,0,0,0,-0.211605089206077,0,0,0,0,0,0,0,0,0,0,0,-0.230663753729444,-0.260798728557028,0,0,0.361029915458215,0,0,0,0.241847474919834,0,0,0,0,-0.0269834054822592,0,0,-0.0263373794300596,0,0,0,-0.249312178661931,-0.397219129935302,0,0,-0.239624678080076,0,0,0,-0.183491966811317,0,0,0,0,0.021795533899519,0,0,0,0,0,0,-0.355470817392073,-0.345966564311981,0,0,0,0,0,0,-0.385878238564827,0,0,0,0,0,0,0,0,0,0,0,-0.312215006629021,-0.360454585481771,0,0,0.480968513227265,0,0,0,-0.246305267633525,0,0,0,0,-0.0241869710896597,0,0,0,0,0,0,0.384046609132162,0.315010194800111,0,0,-0.575270864637724,0,0,0,-0.315675174564915,0,0,0,0,0,0,0,0,0,0,0,0.20467307667621,0.211744362682358,0,0,0.406401154023672,0,0,0,0.315383658771216,0,0,0,0,0.0307928134953327,0,0,0,0,0,0,-0.259756748468689,-0.241230510330698,0,0,-0.466089336779545,0,0,0,-0.320180779735646,0,0,0,0,0,0,0,0,0,0,0,0.314627768777311,0.303473326831163,0,0,-0.530325880068668,0,0,0,-0.293916205479777,0,0,0,0,0,0,0,0,0,0,0,0.317496015429858,0.218762600957473,0,0,0.0985341100619465,0,0,0,-0.153637731713363,0,0,0,0,0.0777573369548478,0,0,0,0,0,0,-0.319632159337056,0.181471149424452,0,0,0.173858301366111,0,0,0,0.24911314800682,0,0,0,0,0,0,0,0,0,0,0,-0.358329546455974,0.302484768242144,0,0,0.300676693281244,0,0,0,-0.212798848344374,0,0,0,0,0,0,0,0,0,0,0,0.218618834230219,0.252248694057686,0,0,-0.276431868730806,0,0,0,0.342684165766349,0,0,0,0,0,0,0,0,0,0,0,-0.336834339341992,-0.253205614524388,0,0,-0.251457650344004,0,0,0,-0.252092141090508,0,0,0,0,0,0,0,0,0,0,0,-0.27500191504448,0.204678376891383,0,0,0.370756641412524,0,0,0,0.225448510332029,0,0,0,0,0.020158723112176,0,0,0,0,0,0,-0.16322692592793,0.296065785844252,0,0,0.232535573455298,0,0,0,-0.38507060582991,0,0,0,0,0,0,0,-0.0251170098538479,0,0,0,-0.223037563087848,0.208987066815336,0,0,-0.0635518175157432,0,0,0,-0.372312307648211,0,0,0,0,0,0,0,0,0,0,0,0.232191686717146,0.307564762916789,0,0,0.295384657315216,0,0,0,-0.336380712293064,0,0,0,0,0,0,0,0,0,0,0,-0.242347829894005,-0.158072983083035,0,0,0.0225452446829659,0,0,0,-0.279849845100301,0,0,0,0,0,0,0,0,0,0,0,-0.241906775104198,0.259769532233797,0,0,-0.190487034116518,0,0,0,0.383979421615927,0,0,0,0,0,0,0,0,0,0,0,0.353943005928363,-0.268074403565151,0,0,0.395555229428432,0,0,0,0.320323121459442,0,0,0,0,0,0,0,0.0342462218243873,0,0,0,-0.229702372061657,0.132496030067064,0,0,0.411513788083968,0,0,0,-0.349676465295501,0,0,0,0,0,0,0,0,0,0,0,0.371957342069044,-0.236739658487022,0,0,-0.553370551974869,0,0,0,-0.321755069198808,0,0,0,0,-0.0271451480293054,0,0,0.031763468686552,0,0,0,0.300847753679237,0.264557015269552,0,0,-0.342138713203468,0,0,0,-0.292299542341892,0,0,0,0,0.0240144804227896,0,0,0,0,0,0,0.225413244476248,0.293152898702143,0,0,0.173188681157071,0,0,0,0.282720819251633,0,0,0,0,0,0,0,0,0,0,0,-0.248394564276234,0.345888960655025,0,0,-0.0612400982238165,0,0,0,0.260494383509688,0,0,0,0,0.020596876395465,0,0,0,0,0,0,-0.159288564989619,0.243222818285589,0,0,0,0,0,0,-0.275193166657994,0,0,0,0,0,0,0,0,0,0,0,0.36666667450502,0.191690790848957,0,0,-0.233342485296824,0,0,0,-0.350032547845085,0,0,0,0,0,0,0,0,0,0,0,0.265780222732582,0.170515647447828,0,0,-0.0815673563199312,0,0,0,-0.346034650809765,0,0,0,0,0.0297653688474629,0,0,-0.102073039935465,0,0,0,-0.325088973511916,0.315504123976686,0,0,0.0973188864907923,0,0,0,-0.250051179719989,0,0,0,0,0,0,0,0,0,0,0,0.313933751158209,0.330982167680214,0,0,-0.268938522611861,0,0,0,0.316498265076224,0,0,0,0,0,0,0,0,0,0,0,-0.268899647617115,-0.341763668091361,0,0,-0.116521258524149,0,0,0,0.239795636854046,0,0,0,0,0.0305601203330897,0,0,0.023837050911056,0,0,0,-0.236170532685414,0.34692439401601,0,0,0.307816381786594,0,0,0,-0.312969429446433,0,0,0,0,0,0,0,0,0,0,0,-0.30746229686237,0.222275950663908,0,0,-0.504969149828154,0,0,0,-0.335452992655956,0,0,0,0
"13",0,-0.323574162713599,0.290321363134065,0,0,0,0,0,0,0,0,0,-0.435895558178964,0,0,-0.254335531485588,0,0,0,0,0,-0.35668355453287,-0.331325298977374,0,0,0,0,0,0,0,0,0,-0.435374162848937,0,0,-0.31859359971874,0,0,0,0,0,0.231501683282935,0.242276982923194,0,0,0,0,0,0,0,0,0,0.02847632921033,0,0,0.359323856477639,0,0,0,0,0,0.299107378386845,-0.267941481229577,0,0,0,0,0,0,0,0,0,0.568675844928118,0,0,-0.23886366309643,0,0,0,0,0,0.285238497947143,-0.273164637638803,0,0,0,0,0,0,0,0,0,0.0982592567618042,0,0,-0.286329636360726,0,0,0,0,0,0.329967510406484,-0.351243560697247,0,0,0,0,0,0,0,0,0,-0.426182157992468,0,0,0.447264176182952,0,0,0,0,0,0.351118611528865,-0.303755422791197,0,0,0,0,0,0,0,0,0,-0.29581263690775,0,0,0.387167376848977,0,0,0,0,0,0.322370501404247,-0.267750352138533,0,0,0,0,0,0,0,0,0,0,0,0,-0.296469280984783,0,0,0,0,0,0.322436385888056,0.382927680584029,0,0,0,0,0,0,0,0,0,0.156856846599099,0,0,-0.372037312590066,0,0,0,0,0,0.369932167111805,-0.311036829581699,0,0,0,0,0,0,0,0,0,-0.116311825618653,0,0,0.257541225897545,0,0,0,0,0,0.312417739836985,0.260502915226237,0,0,0,0,0,0,0,0,0,0.359602844447066,0,0,0.231899774829242,0,0,0,0,0,-0.505773926149105,0.485063925619842,0,0,0,0,0,0,0,0,0,-0.444738314823411,0,0,0.281445219401291,0,0,0,0,0,0.325032026548089,-0.289482575681679,0,0,0,0,0,0,0,0,0,0.370449838538437,0,0,0.324291670349724,0,0,0,0,0,-0.407571788373,-0.308969427255631,0,0,0,0,0,0,0,0,0,0.322617192297237,0,0,-0.324168022394494,0,0,0,0,0,0.411032986050855,0.268489234660351,0,0,0,0,0,0,0,0,0,0.471993605768586,0,0,0.370350995563141,0,0,0,0,0,0.320636446655793,-0.322202909048392,0,0,0,0,0,0,0,0,0,0.304819115459851,0,0,-0.32569230483614,0,0,0,0,0,-0.370082860597489,0.312844580689142,0,0,0,0,0,0,0,0,0,0.218773055266315,0,0,0.220843019142285,0,0,0,0,0,-0.341885095912539,-0.271618024890463,0,0,0,0,0,0,0,0,0,-0.42117089656817,0,0,0.284175275937864,0,0,0,0,0,-0.346257320817769,0.326407275502996,0,0,0,0,0,0,0,0,0,0,0,0,0.262087031888359,0,0,0,0,0,-0.334084980590208,0.254522393630906,0,0,0,0,0,0,0,0,0,0.214336512499983,0,0,0.274707024966914,0,0,0,0,0,-0.322006039993126,-0.178831883689032,0,0,0,0,0,0,0,0,0,-0.528186479923266,0,0,-0.318202069530928,0,0,0,0,0,0.343011828086736,-0.281014579617537,0,0,0,0,0,0,0,0,0,0.249886997604124,0,0,0.242175438104196,0,0,0,0,0,0.275980272686924,0.274063690850297,0,0,0,0,0,0,0,0,0,-0.440228784757209,0,0,0.23455299953333,0,0,0,0,0,-0.273131914074926,-0.358277997825408,0,0,0,0,0,0,0,0,0,-0.121799068899712,0,0,-0.256846118572245,0,0,0,0,0,-0.381836493939333,0.349065775806073,0,0,0,0,0,0,0,0,0,-0.352292047697801,0,0,-0.292505742462407,0,0,0,0,0,-0.309659981304493,0.208623605186447,0,0,0,0,0,0,0,0,0,0.506542852008654,0,0,0.318563320617889,0,0,0,0,0,0.368153605232793,0.229693277764425,0,0,0,0,0,0,0,0,0,0.384002581598368,0,0,0.262680696467439,0,0,0,0,0,-0.382459516876466,-0.44757935163277,0,0,0,0,0,0,0,0,0,-0.385544802338987,0,0,-0.30358034291784,0,0,0,0,0,0.317544524549648,0.402556288252778,0,0,0,0,0,0,0,0,0,0.536236195183581,0,0,0.224789859670099,0,0,0,0,0,-0.131187674827937,-0.260951075765902,0,0,0,0,0,0,0,0,0,-0.143360514493087,0,0,-0.233129569091449,0,0,0,0,0,0.374234045307704,0.276152802110708,0,0,0,0,0,0,0,0,0,0.215615794744258,0,0,0.335942635044825,0,0,0,0,0,0.267133917236704,0.435049148039768,0,0,0,0,0,0,0,0,0,0.246403108412044,0,0,-0.37980911995191,0,0,0,0,0,-0.29134305890537,0.397678936946215,0,0,0,0,0,0,0,0,0,0.227274287202196,0,0,-0.359914936377692,0,0,0,0,0,-0.348399805777215,0.195480247105899,0,0,0,0,0,0,0,0,0,0,0,0,0.144300825705287,0,0,0,0,0,0.230675479525978,0.275764642352631,0,0,0,0,0,0,0,0,0,0.0830269739692562,0,0,0.371153237009059,0,0,0,0,0,0.239441502169259,-0.349994356833263,0,0,0,0,0,0,0,0,0,0.357730420570814,0,0,-0.317602498595969,0,0,0,0,0,-0.419119468579027,-0.295734702373576,0,0,0,0,0,0,0,0,0,-0.289576622427199,0,0,0.169087416414767,0,0,0,0,0,0.28858056247547,-0.281790773897637,0,0,0,0,0,0,0,0,0,-0.393835099115414,0,0,0.387791638620413,0,0,0,0,0,0.414200622833754,-0.401403730980152,0,0,0,0,0,0,0,0,0,0.199626571011438,0,0,-0.456764492916178,0,0,0,0,0,0.31344077733669,0.274077317724356,0,0,0,0,0,0,0,0,0,-0.5751373379016,0,0,-0.327912603773991,0,0,0,0,0,-0.331455280493702,-0.382657456231896,0,0,0,0,0,0,0,0,0,0.0780877678023772,0,0,-0.233569321597081,0,0,0,0,0,0.326441986573174,-0.304431726130544,0,0,0,0,0,0,0,0,0,-0.293674499615351,0,0,-0.280223333998219,0,0,0,0,0,-0.407007786348105,-0.42851005211343,0,0,0,0,0,0,0,0,0,0.221708551870164,0,0,0.306931755739941,0,0,0,0,0,-0.236841997737653,0.249913198774195,0,0,0,0,0,0,0,0,0,-0.021346085144454,0,0,-0.379594390988514,0,0,0,0,0,0.381143988708481,-0.232766504033451,0,0,0,0,0,0,0,0,0,-0.380870422208673,0,0,-0.229752994456083,0,0,0,0,0,0.37888319274843,0.152465961569111,0,0,0,0,0,0,0,0,0,0.515203030417058,0,0,-0.326218031401072,0,0,0,0,0,0.363065939237095,0.358591012236348,0,0,0,0,0,0,0,0,0,0.0899851422899045,0,0,-0.353317783034858,0,0,0,0,0,-0.205128829954816,0.337135222276977,0,0,0,0,0,0,0,0,0,0.332843441700271,0,0,-0.308667490727385,0,0,0,0,0,-0.374589669443376,0.225563533341929,0,0,0,0,0,0,0,0,0,0,0,0,0.29724430331401,0,0,0,0,0,-0.314415418742491,0.422968644677308,0,0,0,0,0,0,0,0,0,0.0670954001039335,0,0,0.25727924538211,0,0,0,0
"14",0,0,0,0,0,0,0,0,0,0,0,0,0,-0.213576950801874,-0.257102510523699,0,0,0,0,0,0,0,0,0,0,0,0,0,0,0,0,0,0,0.0705743387896885,-0.274032289126165,0,0,0,0,0,0,0,0,0,0,0,0,0,0,0,0,0,0,-0.218132182204947,-0.301755945959183,0,0,0,0,0,0,0,0,0,0,0,0,0,0,0,0,0,0,0.43811855813428,0.253971197425021,0,0,0,0,0,0,0,0,0,0,0,0,0,0,0,0,0,0,0,0.274212125285026,0,0,0,0,0,0,0,0,0,0,0,0,0,0,0,0,0,0,-0.276643858221612,0.406719857946764,0,0,0,0,0,0,0,0,0,0,0,0,0,0,0,0,0,0,0.243482414796428,0.165912107735329,0,0,0,0,0,0,0,0,0,0,0,0,0,0,0,0,0,0,0.228895028219697,-0.310414978664111,0,0,0,0,0,0,0,0,0,0,0,0,0,0,0,0,0,0,-0.477874123074426,0.235971693937858,0,0,0,0,0,0,0,0,0,0,0,0,0,0,0,0,0,0,-0.372202949689249,-0.25972532876752,0,0,0,0,0,0,0,0,0,0,0,0,0,0,0,0,0,0,0.159142107433486,0.367640579973342,0,0,0,0,0,0,0,0,0,0,0,0,0,0,0,0,0,0,-0.180051435973242,-0.230528374818743,0,0,0,0,0,0,0,0,0,0,0,0,0,0,0,0,0,0,0.188119747330032,0.228450476309333,0,0,0,0,0,0,0,0,0,0,0,0,0,0,0,0,0,0,0.459402392944365,-0.358263741754262,0,0,0,0,0,0,0,0,0,0,0,0,0,0,0,0,0,0,-0.453767104495183,0.298934544468828,0,0,0,0,0,0.0277560092652472,0,0,0,0,0,0,0,0,0,0,0,0,0.176192765796482,0.330508505877722,0,0,0,0,0,0,0,0,0,0,0,0,0,0,0,0,0,0,-0.196377089338059,-0.280019338865655,0,0,0,0,0,0,0,0,0,0,0,0,0,0,0,0,0,0,-0.407955536385828,-0.262402545240989,0,0,0,0,0,0,0,0,0,0,0,0,0,0,0,0,0,0,-0.0549042458584491,0.195351404272023,0,0,0,0,0,0,0,0,0,0,0,0,0,0,0,0,0,0,0.262178977978958,0.367398752884187,0,0,0,0,0,0,0,0,0,0,0,0,0,0,0,0,0,0,0.476363104531935,0.269701733207598,0,0,0,0,0,0,0,0,0,0,0,0,0,0,0,0,0,0,-0.258562466670223,0.203785590230934,0,0,0,0,0,0,0,0,0,0,0,0,0,0,0,0,0,0,-0.241319385748865,-0.30001412019043,0,0,0,0,0,0,0,0,0,0,0,0,0,0,0,0,0,0,-0.37070168388391,0.263081677276923,0,0,0,0,0,0,0,0,0,0,0,0,0,0,0,0,0,0,-0.434992007379428,0.373587387537754,0,0,0,0,0,0,0,0,0,0,0,0,0,0,0,0,0,0,0.297099394678608,-0.189457741974357,0,0,0,0,0,0,0,0,0,0,0,0,0,0,0,0,0,0,-0.168417137139215,0.28326717567981,0,0,0,0,0,0,0,0,0,0,0,0,0,0,0,0,0,0,0.0726041472968863,-0.371761851260446,0,0,0,0,0,0,0,0,0,0,0,0,0,0,0,0,0,0,-0.531108802736292,0.24349735261996,0,0,0,0,0,0,0,0,0,0,0,0,0,0,0,0,0,0,0.402265078848278,-0.375989416081952,0,0,0,0,0,0,0,0,0,0,0,0,0,0,0,0,0,0,-0.501001237075652,-0.314225336682369,0,0,0,0,0,0,0,0,0,0,0,0,0,0,0,0,0,0,-0.145364499547095,-0.258041505753509,0,0,0,0,0,0,0,0,0,0,0,0,0,0,0,0,0,0,-0.0508882236658217,0.274290370481493,0,0,0,0,0,0,0,0,0,0,0,0,0,0,0,0,0,0,-0.43724103521019,0.355936303340284,0,0,0,0,0,0,0,0,0,0,0,0,0,0,0,0,0,0,-0.276803455323968,-0.219255677850536,0,0,0,0,0,0,0,0,0,0,0,0,0,0,0,0,0,0,0.375236153826484,0.23358643626128,0,0,0,0,0,0,0,0,0,0,0,0,0,0,0,0,0,0,-0.342058837693752,-0.275389191262518,0,0,0,0,0,0,0,0,0,0,0,0,0,0,0,0,0,0,0.112599738515147,0.247620829146641,0,0,0,0,0,0,0,0,0,0,0,0,0,0,0,0,0,0,0.495561634631437,-0.165202643053418,0,0,0,0,0,0,0,0,0,0,0,0,0,0,0,0,0,0,0.415556702874765,-0.210404323115564,0,0,0,0,0,0,0,0,0,0,0,0,0,0,0,0,0,0,0,-0.249163761842627,0,0,0,0,0,0,0,0,0,0,0,0,0,0,0,0,0,0,0.325268105142859,-0.293417820588552,0,0,0,0,0,0,0,0,0,0,0,0,0,0,0,0,0,0,-0.523329958618102,0.427803046287361,0,0,0,0,0,0,0,0,0,0,0,0,0,0,0,0,0,0,0.295528675316028,-0.303191814334468,0,0,0,0,0,0,0,0,0,0,0,0,0,0,0,0,0,0,-0.0874675613734251,-0.267679895077742,0,0,0,0,0,0,0,0,0,0,0,0,0,0,0,0,0,0,0.324794473359143,-0.256434418086829,0,0,0,0,0,0,0,0,0,0,0,0,0,0,0,0,0,0,-0.0241115963274783,0.29356573766015,0,0,0,0,0,0,0,0,0,0,0,0,0,0,0,0,0,0,0.135280164017614,-0.256661716720286,0,0,0,0,0,0,0,0,0,0,0,0,0,0,0,0,0,0,-0.119086495987057,-0.19454413630686,0,0,0,0,0,0,0,0,0,0,0,0,0,0,0,0,0,0,0.34923836758175,0.315262057189626,0,0,0,0,0
"15",0,0,0,0,0,0,0,0,0,0,0,0,0,0,0.412967348790537,-0.413793961603079,0,0,0,0,0,0,0,0,0,0,0,0,0,0,0,0,0,0,-0.334001310500887,-0.247272603703978,0,0,0,0,0,0,0,0,0,0,0,0,0,0,0,0,0,0,0.150190684223751,-0.2446912128527,0,0,0,0,0,0,0,0,0,0,0,0,0,0,0,0,0,0,-0.243154889717184,0.202815473629955,0,0,0,0,0,0,0,0,0,0,0,0,0,0,0,0,0,0,-0.153420111957361,0.314227633463698,0,0,0,0,0,0,0,0,0,0,0,0,0,0,0,0,0,0,-0.0312835902740793,0.272996563857981,0,0,0,0,0,0,0,0,0,0,0,0,0,0,0,0,0,0,-0.219109716708999,0.278789304811409,0,0,0,0,0,0,0,0,0,0,0,0,0,0,0,0,0,0,-0.391112914288388,0.347491511358622,0,0,0,0,0,0,0,0,0,0,0,0,0,0,0,0,0,0,0.377871499476669,0.24816741411499,0,0,0,0,0,0,0,0,0,0,0,0,0,0,0,0,0,0,0.424586801746005,-0.236893697544637,0,0,0,0,0,0,0,0,0,0,0,0,0,0,0,0,0,0,0.532157511503356,0.35902473709192,0,0,0,0,0,0,0,0,0,0,0,0,0,0,0,0,0,0,-0.457493300710866,0.304918404853927,0,0,0,0,0,0,0,0,0,0,0,0,0,0,0,0,0,0,0.0744922932316558,-0.409955992943289,0,0,0,0,0,0,0,0,0,0,0,0,0,0,0,0,0,0,-0.288095565997227,-0.332310803440951,0,0,0,0,0,0,0,0,0,0,0,0,0,0,0,0,0,0,-0.207294098290839,-0.392202745509414,0,0,0,0,0,0,0,0,0,0,0,0,0,0,0,0,0,0,0.216633225606586,-0.300265710383389,0,0,0,0,0,0,0,0,0,0,0,0,0,0,0,0,0,0,-0.120842014420672,-0.311568264676584,0,0,0,0,0,0,0,0,0,0,0,0,0,0,0,0,0,0,0.45187777661186,-0.33695270839373,0,0,0,0,0,0,0,0,0,0,0,0,0,0,0,0,0,0,0,-0.407517677695529,0,0,0,0,0,0,0,0,0,0,0,0,0,0,0,0,0,0,-0.225060625812647,0.193356149634894,0,0,0,0,0,0,0,0,0,0,0,0,0,0,0,0,0,0,0.165297897689541,-0.23859252551714,0,0,0,0,0,0,0,0,0,0,0,0,0,0,0,0,0,0,0.297831216786628,-0.186910551309822,0,0,0,0,0,0,0,0,0,0,0,0,0,0,0,0,0,0,-0.0442054850498907,0.234387091014696,0,0,0,0,0,0,0,0,0,0,0,0,0,0,0,0,0,0,0.39258068531642,0.413911745538607,0,0,0,0,0,0,0,0,0,0,0,0,0,0,0,0,0,0,-0.11635973313998,-0.288794547919365,0,0,0,0,0,0,0,0,0,0,0,0,0,0,0,0,0,0,-0.169069245225406,0.257239098461082,0,0,0,0,0,0,0,0,0,0,0,0,0,0,0,0,0,0,0.50954920814508,-0.380962758382442,0,0,0,0,0,0,0,0,0,0,0,0,0,0,0,0,0,0,0.111632218521363,0.361116941746677,0,0,0,0,0,0,0,0,0,0,0,0,0,0,0,0,0,0,0.435298291734606,-0.264284979735179,0,0,0,0,0,0,0,0,0,0,0,0,0,0,0,0,0,0,0.387763511134005,0.328233630392229,0,0,0,0,0,0,0,0,0,0,0,0,0,0,0,0,0,0,0.201889171075587,-0.226671254943436,0,0,0,0,0,0,0,0,0,0,0,0,0,0,0,0,0,0,-0.458151857985894,0.416152375399588,0,0,0,0,0,0,0,0,0,0,0,0,0,0,0,0,0,0,-0.369767703723887,-0.259939699060348,0,0,0,0,0,0,0,0,0,0,0,0,0,0,0,0,0,0,0.0475653330260291,-0.342723385184204,0,0,0,0,0,0,0,0,0,0,0,0,0,0,0,0,0,0,0.330147622611466,-0.295982885633447,0,0,0,0,0,0,0,0,0,0,0,0,0,0,0,0,0,0,0.176489349671288,-0.361478882595437,0,0,0,0,0,0,0,0,0,0,0,0,0,0,0,0,0,0,-0.0412022074185846,0.321970978997259,0,0,0,0,0,0,0,0,0,0,0,0,0,0,0,0,0,0,0.474945061754496,0.263485880098952,0,0,0,0,0,0,0,0,0,0,0,0,0,0,0,0,0,0,0.215167623604804,-0.313324929405191,0,0,0,0,0,0,0,0,0,0,0,0,0,0,0,0,0,0,0.138732329092603,0.239018009788897,0,0,0,0,0,0,0,0,0,0,0,0,0,0,0,0,0,0,-0.238047621506448,-0.2665379663087,0,0,0,0,0,0,0,0,0,0,0,0,0,0,0,0,0,0,0.494829023983861,0.33253650199257,0,0,0,0,0,0,0,0,0,0,0,0,0,0,0,0,0,0,0,-0.242428591645519,0,0,0,0,0,0,0,0,0,0,0,0,0,0,0,0,0,0,0.165001414015583,0.281978600799599,0,0,0,0,0,0,0,0,0,0,0,0,0,0,0,0,0,0,-0.396656751520655,-0.227297326285595,0,0,0,0,0,0,0,0,0,0,0,0,0,0,0,0,0,0,-0.487100468973345,-0.346148469390034,0,0,0,0,0,0,0,0,0,0,0,0,0,0,0,0,0,0,-0.312438796301284,-0.262558639974217,0,0,0,0,0,0,0,0,0,0,0,0,0,0,0,0,0,0,0.522524564682351,0.369835827933495,0,0,0,0,0,0,0,0,0,0,0,0,0,0,0,0,0,0,0.138317362103497,-0.24847542298028,0,0,0,0,0,0,0,0,0,0,0,0,0,0,0,0,0,0,-0.497687927309957,0.31119660285482,0,0,0,0
"16",0,0,0,0,0,0,0,0,0,0,0,0,0,0,-0.304973537224403,0.45110308980886,0,0,0,0,0,0,0,0,0,0,0,0,0,0,0,0,0,0,0.314244906723091,-0.474465278439118,0,0,0,0,0,0,0,0,0,0,0,0,0,0,0,0,0,0,-0.24403790607835,0.432999276202592,0,0,0,0,0,0,0,0,0,0,0,0,0,0,0,0,0,0,0.314858979980068,0.525731060680986,0,0,0,0,0,0,0,0,0,0,0,0,0,0,0,0,0,0,0.320729956012231,-0.452297875611364,0,0,0,0,0,0,0,0,0,0,0,0,0,0,0,0,0,0,0.217096220085362,-0.266766074447186,0,0,0,0,0,0,0,0,0,0,0,0,0,0,0,0,0,0,0.304174867533081,-0.326799485751009,0,0,0,0,0,0,0,0,0,0,0,0,0,0,0,0,0,0,0.251891932920129,0.466297032031639,0,0,0,0,0,0,0,0,0,0,0,0,0,0,0,0,0,0,-0.370640320387825,-0.152539168271444,0,0,0,0,0,0,0,0,0,0,0,0,0,0,0,0,0,0,-0.368498539929514,0.396187827844068,0,0,0,0,0,0,0,0,0,0,0,0,0,0,0,0,0,0,-0.316967441730174,-0.238453437990415,0,0,0,0,0,0,0,0,0,0,0,0,0,0,0,0,0,0,0.327403505230392,-0.436388651762803,0,0,0,0,0,0,0,0,0,0,0,0,0,0,0,0,0,0,-0.441128968525152,-0.0675682317708151,0,0,0,0,0,0,0,0,0,0,0,0,0,0,0,0,0,0,-0.399855700712412,-0.223491555963899,0,0,0,0,0,0,0,0,0,0,0,0,0,0,0,0,0,0,-0.13707811331762,0.140330721701644,0,0,0,0,0,0,0,0,0,0,0,0,0,0,0,0,0,0,-0.330637683753763,-0.144586118500652,0,0,0,0,0,0,0,0,0,0,0,0,0,0,0,0,0,0,-0.398296295274499,0.292464115214887,0,0,0,0,0,0,0,0,0,0,0,0,0,0,0,0,0,0,-0.181643958187669,-0.162672243107086,0,0,0,0,0,0,0,0,0,0,0,0,0,0,0,0,0,0,0.292425003140818,-0.532524253115259,0,0,0,0,0,0,0,0,0,0,0,0,0,0,0,0,0,0,-0.254877391128215,0.473781802765566,0,0,0,0,0,0,0,0,0,0,0,0,0,0,0,0,0,0,0.248081108771809,-0.160705610153489,0,0,0,0,0,0,0,0,0,0,0,0,0,0,0,0,0,0,-0.385183250258742,0,0,0,0,0,0,0,0,0,0,0,0,0,0,0,0,0,0,0,0.286334957285917,-0.141613870793047,0,0,0,0,0,0,0,0,0,0,0,0,0,0,0,0,0,0,-0.262273755495086,0.577449917509138,0,0,0,0,0,0,0,0,0,0,0,0,0,0,0,0,0,0,0.314558509032725,-0.0959413035474205,0,0,0,0,0,0,0,0,0,0,0,0,0,0,0,0,0,0,-0.208712342050189,-0.0840955196573028,0,0,0,0,0,0,0,0,0,0,0,0,0,0,0,0,0,0,-0.333491327642668,-0.140932929895961,0,0,0,0,0,0,0,0,0,0,0,0,0,0,0,0,0,0,0.29837812636396,0.398667629325961,0,0,0,0,0,0,0,0,0,0,0,0,0,0,0,0,0,0,-0.339095143487681,0.143014302757183,0,0,0,0,0,0,0,0,0,0,0,0,0,0,0,0,0,0,0.399672419598278,0.451925902617902,0,0,0,0,0,0,0,0,0,0,0,0,0,0,0,0,0,0,-0.296180748699295,0.153664874623531,0,0,0,0,0,0,0,0,0,0,0,0,0,0,0,0,0,0,-0.318482113128091,0.298741361800606,0,0,0,0,0,0,0,0,0,0,0,0,0,0,0,0,0,0,-0.29515823980064,-0.0514288945687136,0,0,0,0,0,0,0,0,0,0,0,0,0,0,0,0,0,0,0.322390156413494,0.049802136335451,0,0,0,0,0,0,0,0,0,0,0,0,0,0,0,0,0,0,-0.22825094776022,-0.0468812964604798,0,0,0,0,0,0,0,0,0,0,0,0,0,0,0,0,0,0,0.364769998573965,0.065273561001375,0,0,0,0,0,0,0,0,0,0,0,0,0,0,0,0,0,0,-0.15653729219067,0.177929056137433,0,0,0,0,0,0,0,0,0,0,0,0,0,0,0,0,0,0,-0.23807552642715,-0.32555096091136,0,0,0,0,0,0,0,0,0,0,0,0,0,0,0,0,0,0,-0.243324814523986,-0.257634046488555,0,0,0,0,0,0,0,0,0,0,0,0,0,0,0,0,0,0,-0.221431170667921,0.311683534245036,0,0,0,0,0,0,0,0,0,0,0,0,0,0,0,0,0,0,-0.289792337657302,-0.371796511727814,0,0,0,0,0,0,0,0,0,0,0,0,0,0,0,0,0,0,0.255980610652961,0.482510901268286,0,0,0,0,0,0,0,0,0,0,0,0,0,0,0,0,0,0,-0.342955101992812,0.510852251521168,0,0,0,0,0,0,0,0,0,0,0,0,0,0,0,0,0,0,0.221468904112193,-0.232733364285962,0,0,0,0,0,0,0,0,0,0,0,0,0,0,0,0,0,0,0.45199964583083,-0.197207241604633,0,0,0,0,0,0,0,0,0,0,0,0,0,0,0,0,0,0,-0.324707135319182,0.33070263782559,0,0,0,0,0,0,0,0,0,0,0,0,0,0,0,0,0,0,0.23447534415643,0.27607559846176,0,0,0,0,0,0,0,0,0,0,0,0,0,0,0,0,0,0,0.327548988943521,0.251006144726027,0,0,0,0,0,0,0,0,0,0,0,0,0,0,0,0,0,0,-0.421646405662698,0.399985489028918,0,0,0,0,0,0,0,0,0,0,0,0,0,0,0,0,0,0,-0.168589373138573,0.301988919931223,0,0,0,0
"17",0,0,0,0,0,0,0,0,0,0,0,0,0,0,0,0,0.166696960703055,0,0,0,0,0,0,0,0,0,0,0,0,0,0,0,0,0,0,0,-0.178143570604011,0,0,0,0,0,0,0,0,0,0,0,0,0,0,0,0,0,0,0,0.476591809368016,0,0,0,0,0,0,0,0,0,0,0,0,0,0,0,0,0,0,0,0.226331264473414,0,0,0,0,0,0,0,0,0,0,0,0,0,0,0,0,0,0,0,-0.534710068119572,0,0,0,0,0,0,0,0,0,0,0,0,0,0,0,0,0,0,0,-0.0541699734656772,0,0,0,0,0,0,0,0,0,0,0,0,0,0,0,0,0,0,0,0.44684750180977,0,0,0,0,0,0,0,0,0,0,0,0,0,0,0,0,0,0,0,0,0,0,0,0,0,0,0,0,0,0,0,0,0,0,0,0,0,0,0,0.166673022555274,0,0,0,0,0,0,0,0,0,0,0,0,0,0,0,0,0,0,0,0.179494811046083,0,0,0,0,0,0,0,0,0,0,0,0,0,0,0,0,0,0,0,0.175201561745517,0,0,0,0,0,0,0,0,0,0,0,0,0,0,0,0,0,0,0,0.2851219326715,0,0,0,0,0,0,0,0,0,0,0,0,0,0,0,0,0,0,0,0.0398924713962062,0,0,0,0,0,0,0,0,0,0,0,0,0,0,0,0,0,0,0,0.225654860417982,0,0,0,0,0,0,0,0,0,0,0,0,0,0,0,0,0,0,0,-0.395474940959205,0,0,0,0,0,0,0,0,0,0,0,0,0,0,0,0,0,0,0,-0.0680553944918615,0,0,0,0,0,0,0,0,0,0,0,0,0,0,0,0,0,0,0,0.33823154315997,0,0,0,0,0,0,0,0,0,0,0,0,0,0,0,0,0,0,0,0.465276878133387,0,0,0,0,0,0,0,0,0,0,0,0,0,0,0,0,0,0,0,0.147590946401127,0,0,0,0,0,0,0,0,0,0,0,0,0,0,0,0,0,0,0,0.157956991058833,0,0,0,0,0,0,0,0,0,0,0,0,0,0,0,0,0,0,0,-0.105648758985899,0,0,0,0,0,0,0,0,0,0,0,0,0,0,0,0,0,0,0,0.0260053074234223,0,0,0,0,0,0,0,0,0,0,0,0,0,0,0,0,0,0,0,0.0915043258826939,0,0,0,0,0,0,0,0,0,0,0,0,0,0,0,0,0,0,0,-0.0673202730222442,0,0,0,0,0,0,0,0,0,0,0,0,0,0,0,0,0,0,0,0.201718419064063,0,0,0,0,0,0,0,0,0,0,0,0,0,0,0,0,0,0,0,0,0,0,0,0,0,0,0,0,0,0,0,0,0,0,0,0,0,0,0,-0.112477322122695,0,0,0,0,0,0,0,0,0,0,0,0,0,0,0,0,0,0,0,-0.0701426631650543,0,0,0,0,0,0,0,0,0,0,0,0,0,0,0,0,0,0,0,-0.369848705599673,0,0,0,0,0,0,0,0,0,0,0,0,0,0,0,0,0,0,0,-0.518914726341134,0,0,0,0,0,0,0,0,0,0,0,0,0,0,0,0,0,0,0,0.145932252024998,0,0,0,0,0,0,0,0,0,0,0,0,0,0,0,0,0,0,0,0.207707354072077,0,0,0,0,0,0,0,0,0,0,0,0,0,0,0,0,0,0,0,0.463385398748723,0,0,0,0,0,0,0,0,0,0,0,0,0,0,0,0,0,0,0,0.36542869395971,0,0,0,0,0,0,0,0,0,0,0,0,0,0,0,0,0,0,0,-0.0756083263178446,0,0,0,0,0,0,0,0,0,0,0,0,0,0,0,0,0,0,0,-0.0259235363124604,0,0,0,0,0,0,0,0,0,0,0,0,0,0,0,0,0,0,0,-0.199836777088575,0,0,0,0,0,0,0,0,0,0,0,0,0,0,0,0,0,0,0,0.178450453049062,0,0,0,0,0,0,0,0,0,0,0,0,0,0,0,0,0,0,0,-0.221803554137231,0,0,0,0,0,0,0,0,0,0,0,0,0,0,0,0,0,0,0,0.164721342671841,0,0,0,0,0,0,0,0,0,0,0,0,0,0,0,0,0,0,0,0,0,0,0,0,0,0,0,0,0,0,0,0,0,0,0,0,0,0,0,-0.365272591920605,0,0,0,0,0,0,0,0,0,0,0,0,0,0,0,0,0,0,0,0.380967001861232,0,0,0,0,0,0,0,0,0,0,0,0,0,0,0,0,0,0,0,0.382794227340546,0,0,0,0,0,0,0,0,0,0,0,0,0,0,0,0,0,0,0,-0.0429431195018271,0,0,0,0,0,0,0,0,0,0,0,0,0,0,0,0,0,0,0,0.416417323925294,0,0,0,0,0,0,0,0,0,0,0,0,0,0,0,0,0,0,0,0.389165469183409,0,0,0,0,0,0,0,0,0,0,0,0,0,0,0,0,0,0,0,-0.265635267918139,0,0,0,0,0,0,0,0,0,0,0,0,0,0,0,0,0,0,0,0.134945249097559,0,0,0,0,0,0,0,0,0,0,0,0,0,0,0,0,0,0,0,0.239610823734347,0,0,0
"18",0,0,0,0,0,0,0,-0.249712029039723,0,0,0,0,0,0,0,-0.216780610948774,0,-0.156569117238717,0,0,0,0,0,0,0,0,0,-0.181966184119379,0,0,0,0,0,0,0,-0.393536619494949,0,-0.431536531760694,0,0,0,0,0,0,0,0,0,0.31496621155287,0,0,0,0,0,0,0,0.235360735071361,0,0.335902273011164,0,0,0,0,0,0,0,0,0,0.222391229789001,0,0,0,0,0,0,0,0.257136813381712,0,0.14423909929995,0,0,0,0,0,0,0,0,0,0.197464819746508,0,0,0,0,0,0,0,-0.301700369460664,0,0.273013258550651,0,0,0,0,0,0,0,0,0,-0.183768995926294,0,0,0,0,0,0,0,0.332243621952013,0,-0.113809643287806,0,0,0,0,0,0,0,0,0,-0.16780856046972,0,0,0,0,0,0,0,-0.256547438711006,0,0.323326874143233,0,0,0,0,0,0,0,0,0,0.241881006114492,0,0,0,0,0,0,0,-0.238499241507666,0,0.209721788429885,0,0,0,0,0,0,0,0,0,-0.281119248481631,0,0,0,0,0,0,0,0.284253276138917,0,0.0887460125584735,0,0,0,0,0,0,0,0,0,0.358379905165478,0,0,0,0,0,0,0,0.186231683022749,0,-0.168907699702608,0,0,0,0,0,0,0,0,0,-0.206589439443477,0,0,0,0,0,0,0,-0.323264545844426,0,0,0,0,0,0,0,0,0,0,0,0.248558739479606,0,0,0,0,0,0,0,0.225734796403797,0,0.172402709577164,0,0,0,0,0,0,0,0,0,-0.220395915924508,0,0,0,0,0,0,0,0.403986946348844,0,-0.169781330661952,0,0,0,0,0,0,0,0,0,0.356221983791729,0,0,0,0,0,0,0,0.306494352973916,0,0.292998607304016,0,0,0,0,0,0,0,0,0,-0.263065149852908,0,0,0,0,0,0,0,-0.275502064324382,0,-0.383953259009019,0,0,0,0,0,0,0,0,0,-0.186398853561181,0,0,0,0,0,0,0,0.29625455894196,0,0.0570980383139383,0,0,0,0,0,0,0,0,0,-0.284106024300236,0,0,0.0395924927631387,0,0,0,0,-0.302613714110979,0,0.221100669734564,0,0,0,0,0,0,0,0,0,-0.275097398463105,0,0,0,0,0,0,0,-0.188430073321329,0,0.128028456147998,0,0,0,0,0,0,0,0,0,-0.204321587641081,0,0,0,0,0,0,0,0.298580237387653,0,-0.259089968401993,0,0,0,0,0,0,0,0,0,-0.208100443842479,0,0,0,0,0,0,0,-0.285934031426798,0,-0.176672205262171,0,0,0,0,0,0,0,0,0,0.236612350905452,0,0,0,0,0,0,0,-0.286867392730371,0,-0.191647719638875,0,0,0,0,0,0,0,0,0,-0.252658019537176,0,0,0,0,0,0,0,0.293983247897076,0,-0.436339276167683,0,0,0,0,0,0,0,0,0,0.310018991912578,0,0,0,0,0,0,0,-0.396037315361853,0,-0.248048705862159,0,0,0,0,0,0,0,0,0,0.172337181387459,0,0,0,0,0,0,0,0.231307458796951,0,0.161972030653573,0,0,0,0,0,0,0,0,0,-0.210667679402439,0,0,0,0,0,0,0,0.313105241907028,0,0.321949549755689,0,0,0,0,0,0,0,0,0,0.251169432792857,0,0,0,0,0,0,0,0.397552259233707,0,-0.235973741224786,0,0,0,0,0,0,0,0,0,0.240545646001889,0,0,0,0,0,0,0,-0.245134714792569,0,-0.409701314503579,0,0,0,0,0,0,0,0,0,0.183350930274274,0,0,0,0,0,0,0.0229908006252049,0.497877389548824,0,0.404522339737707,0,0,0,0,0,0,0,0,0,-0.168282385915341,0,0,0,0,0,0,0,0.175729169526983,0,-0.0881571529451236,0,0,0,0,0,0,0,0,0,0.220598873222109,0,0,0,0,0,0,0,-0.238838441269522,0,-0.0860879204070815,0,0,0,0,0,0,0,0,0,0.198418024593899,0,0,0,0,0,0,0,0.204276193531076,0,0.0974114420004193,0,0,0,0,0,0,0,0,0,-0.211832733959494,0,0,0,0,0,0,0,0.308966366733695,0,-0.0645681250833206,0,0,0,0,0,0,0,0,0,0.182609442771217,0,0,0.0228927839753227,0,0,0,0,-0.270776888059373,0,-0.295476868541538,0,0,0,0,0,0,0,0,0,-0.291916849440615,0,0,0,0,0,0,0,0.357549144102507,0,-0.0412967480369965,0,0,0,0,0,0,0,0,0,0.161654768710735,0,0,0,0,0,0,0,0.155668327982146,0,-0.292719685898619,0,0,0,0,0,0,0,0,0,-0.26519570017258,0,0,0,0,0,0,0,0.265879044275663,0,-0.578364912594476,0,0,0,0,0,0,0,0,0,-0.253932535466608,0,0,0,0,0,0,0,0.310408949767668,0,0.439220088059021,0,0,0,0,0,0,0,0,0,-0.23184064756767,0,0,0,0,0,0,0,0.195792542443708,0,0.306498618095966,0,0,0,0,0,0,0,0,0,0.196102297333875,0,0,0,0,0,0,0,0.221600825091725,0,-0.35680451812414,0,0,0,0,0,0,0,0,0,-0.172155588442513,0,0,0,0,0,0,0,-0.353081858744734,0,0.388865339650218,0,0,0,0,0,0,0,0,0,0.146844179851637,0,0,0,0,0,0,0,0.286434929314659,0,0.0951297469835614,0,0,0,0,0,0,0,0,0,-0.220926747935622,0,0,0,0,0,0,0,0.34463336465829,0,0.29879477625202,0,0,0,0,0,0,0,0,0,0.240825238422868,0,0,0,0,0,0,0,0.354297498183306,0,0.081153173494522,0,0,0,0,0,0,0,0,0,0.203485452794179,0,0,0,0,0,0,0,0.374577450590369,0,0.0556443059755627,0,0,0,0,0,0,0,0,0,0.269501273344114,0,0,0,0,0,0,0,-0.235927988004577,0,-0.261799746707012,0,0,0,0,0,0,0,0,0,-0.182647251912164,0,0,0,0,0,0,0,0.246453344774998,0,0.423363064913707,0,0,0,0,0,0,0,0,0,0.250085341192344,0,0,0,0,0,0,0,-0.371250465248512,0,0.419285682111296,0,0,0,0,0,0,0,0,0,0.352175936304063,0,0,0,0,0,0,0,-0.305875553305676,0,-0.347566495167733,0,0,0,0,0,0,0,0,0,-0.263048510135869,0,0,0,0,0,0,0,-0.264011186670876,0,-0.488117022714994,0,0,0,0,0,0,0,0,0,-0.150689304633883,0,0,0,0,0,0,0,0.319675206942229,0,-0.0607244876938394,0,0
"19",0,0,0,0,0,0,0,0,0,0,0,0,0,0,0,0,0,0,-0.294395938403471,0,0,0,0,0,0,0,0,0,0,0,0,0,0,0,0,0,0,0,-0.150151216803308,0,0,0,0,0,0,0,0,0,0,0,0,0,0,0,0,0,0,0,-0.322118529029185,0,0,0,0,0,0,0,0,0,0,0,0,0,0,0,0,0,0,0,0.202401619760401,0,0,0,0,0,0,0,0,0,0,0,0,0,0,0,0,0,0,0,-0.274150925787097,0,0,0,0,0,0,0,0,0,0,0,0,0,0,0,0,0,0,0,0.241726673447587,0,0,0,0,0,0,0,0,0,0,0,0,0,0,0,0,0,0,0,0.328953558058503,0,0,0,0,0,0,0,0,0,0,0,0,0,0,0,0,0,0,0,-0.0837868795210412,0,0,0,0,0,0,0,0,0,0,0,0,0,0,0,0,0,0,0,0.244337969960112,0,0,0,0,0,0,0,0,0,0,0,0,0,0,0,0,0,0,0,-0.515261412518313,0,0,0,0,0,0,0,0,0,0,0,0,0,0,0,0,0,0,0,-0.113549578223991,0,0,0,0,0,0,0,0,0,0,0,0,0,0,0,0,0,0,0,0.206045345152609,0,0,0,0,0,0,0,0,0,0,0,0,0,0,0,0,0,0,0,-0.112220892920273,0,0,0,0,0,0,0,0,0,0,0,0,0,0,0,0,0,0,0,0,0,0,0,0,0,0,0,0,0,0,0,0,0,0,0,0,0,0,0,0.127118548223301,0,0,0,0,0,0,0,0,0,0,0,0,0,0,0,0,0,0,0,0.225392155930169,0,0,0,0,0,0,0,0,0,0,0,0,0,0,0,0,0,0,0,-0.0676230466401827,0,0,0,0,0,0,0,0,0,0,0,0,0,0,0,0,0,0,0,0.0320927329597608,0,0,0,0,0,0,0,0,0,0,0,0,0,0,0,0,0,0,0,-0.0474325636082034,0,0,0,0,0,0,0,0,0,0,0,0,0,0,0,0,0,0,0,0.380143380529049,0,0,0,0,0,0,0,0,0,0,0,0,0,0,0,0,0,0,0,-0.324646102050495,0,0,0,0,0,0,0,0,0,0,0,0,0,0,0,0,0,0,0,-0.190151939078718,0,0,0,0,0,0,0,0,0,0,0,0,0,0,0,0,0,0,0,0.264349583197071,0,0,0,0,0,0,0,0,0,0,0,0,0,0,0,0,0,0,0,-0.215180146981865,0,0,0,0,0,0,0,0,0,0,0,0,0,0,0,0,0,0,0,0.455425961805699,0,0,0,0,0,0,0,0,0,0,0,0,0,0,0,0,0,0,0,0.349208198849113,0,0,0,0,0,0,0,0,0,0,0,0,0,0,0,0,0,0,0,0.255245933670557,0,0,0,0,0,0,0,0,0,0,0,0,0,0,0,0,0,0,0,-0.441465381954654,0,0,0,0,0,0,0,0,0,0,0,0,0,0,0,0,0,0,0,0.468498230629708,0,0,0,0,0,0,0,0,0,0,0,0,0,0,0,0,0,0,0,0.250914007092899,0,0,0,0,0,0,0,0,0,0,0,0,0,0,0,0,0,0,0,-0.300959259026545,0,0,0,0,0,0,0,0,0,0,0,0,0,0,0,0,0,0,0,0.330849192459308,0,0,0,0,0,0,0,0,0,0,0,0,0,0,0,0,0,0,0,0.0294286956892298,0,0,0,0,0,0,0,0,0,0,0,0,0,0,0,0,0,0,0,-0.233683034499345,0,0,0,0,0,0,0,0,0,0,0,0,0,0,0,0,0,0,0,0.285433744688992,0,0,0,0,0,0,0,0,0,0,0,0,0,0,0,0,0,0,0,-0.0721809944990363,0,0,0,0,0,0,0,0,0,0,0,0,0,0,0,0,0,0,0,-0.324065411122777,0,0,0,0,0,0,0,0,0,0,0,0,0,0,0,0,0,0,0,-0.284716004111161,0,0,0,0,0,0,0,0,0,0,0,0,0,0,0,0,0,0,0,-0.384310857945501,0,0,0,0,0,0,0,0,0,0,0,0,0,0,0,0,0,0,0,0.0232788086722758,0,0,0,0,0,0,0,0,0,0,0,0,0,0,0,0,0,0,0,-0.443745623972398,0,0,0,0,0,0,0,0,0,0,0,0,0,0,0,0,0,0,0,0.352149694742792,0,0,0,0,0,0,0,0,0,0,0,0,0,0,0,0,0,0,0,0.24079996731501,0,0,0,0,0,0,0,0,0,0,0,0,0,0,0,0,0,0,0,-0.0407992932682975,0,0,0,0,0,0,0,0,0,0,0,0,0,0,0,0,0,0,0,-0.08244887507319,0,0,0,0,0,0,0,0,0,0,0,0,0,0,0,0,0,0,0,0.458829918139725,0,0,0,0,0,0,0,0,0,0,0,0,0,0,0,0,0,0,0,-0.119470302090278,0,0,0,0,0,0,0,0,0,0,0,0,0,0,0,0,0,0,0,-0.270287345408865,0,0,0,0,0,0,0,0,0,0,0,0,0,0,0,0,0,0,0,-0.339414843166068,0,0,0,0,0,0,0,0,0,0,0,0,0,0,0,0,0,0,0,-0.379620342655023,0
"20",0.331322129121007,0,0,0,0,0,0,0,0,0,0,0,0,0,0,0,0,0,0.360917364116046,-0.406702635221478,-0.322859993115772,0,0,0,0,0,0,0,0,0,0,0,0,0,0,0,0,0,0.305102348684748,0.429977737711916,-0.223554609026823,0,0,0,0,0,0,0,0,0,0,0,0.0301118890945293,0,0,0,0,0,0.267987540166453,0.265923340775657,0.296746960510142,0,0,0,0,0,0,0,0,0,0,0,0,0,0,0,0,0,0.221807549011314,-0.324703991000138,-0.283985897070322,0,0,0,0,0,0,0,0,0,0,0,0,0,0,0,0,0,0.264247445642027,-0.196285525307912,0.334374410804429,0,0,0,0,0,0,0,0,0,0,0,0,0,0,0,0,0,0.284046996457198,-0.359316637685067,0.333524820873973,0,0,0,0,0,0,0,0,0,0,0,0,0,0,0,0,0,0.167169221572545,0.201909839190213,0.24682384520012,0,0,0,0,0,0,0,0,0,0,0,0,0,0,0,0,0,0.393517223347685,-0.236138704264011,0.369957807275208,0,0,0,0,0,0,0,0,0,0,0,0,0,0,0,0,0,-0.2356917710818,-0.427782333737555,0.289958388739475,0,0,0,0,0,0,0,0,0,0,0,0,0,0,0,0,0,-0.317640489480423,-0.265601649317566,-0.328404402933137,0,0,0,0,0,0,0,0,0,0,0,0,0,0,0,0,0,-0.333834656467179,-0.150023138493889,-0.218213077896101,0,0,0,0,0,0,0,0,0,0,0,-0.0203965488947911,0,0,0,0,0,0.29708803636208,-0.335949033431991,-0.384165376342294,0,0,0,0,0,0,0,0,0,0,0,0,0,0,0,0,0,-0.346385913351813,0.178144673048298,-0.331222940485538,0,0,0,0,0,0,0,0,0,0,0,0,0,0,0,0,0,-0.408806624011037,-0.490864074527052,-0.372747693647928,0,0,0,0,0,0,0,0,0,0,0,0,0,0,0,0,0,0.239994060601518,0.173180722907061,0.178505786818544,0,0,0,0,0,0,0,0,0,0,0,0,0,0,0,0,0,0.262913945394153,-0.0978301537597782,-0.284148055664449,0,0,0,0,0,0,0,0,0,0,0,0,0,0,0,0,0,-0.158419826477825,-0.138104714704948,0.224540110134705,0,0,0,0,0,0,0,0,0,0,0,0,0,0,0,0,0,0.148499481380247,0.0780126796825709,0.270257464986288,0,0,0,0,0,0,0,0,0,0,0,0,0,0,0,0,0,-0.204450931566803,0.242962814385183,0.244126465111292,0,0,0,0,0,0,0,0,0,0,0,-0.0224363173245579,0,0,0,0,0,0.306078778055376,-0.202050214655456,0.337272826960247,0,0,0,0,0,0,0,0,0,0,0,-0.0208823606672218,0,0,0,0,0,0.23447767396591,0.393852645495547,0.33881360106366,0,0,0,0,0,0,0,0,0,0,0,0,0,0,0,0,0,-0.256257678464562,0.0753032670924586,-0.276088845497604,0,0,0,0,0,0,0,0,0,0,0,0,0,0,0,0,0,-0.314256498620729,0,-0.27742736495748,0,0,0,0,0,0,0,0,0,0,0,0,0,0,0,0,0,0.272532334769955,0.289688226302606,0.151255403246676,0,0,0,0,0,0,0,0,0,0,0,0,0,0,0,0,0,0.2665264125264,-0.0669896959234817,0.298158799015773,0,0,0,0,0,0,0,0,0,0,0,0,0,0,0,0,0,-0.236682911285503,0.237446136080621,0.27958171184735,0,0,0,0,0,0,0,0,0,0,0,0,0,0,0,0,0,-0.25332441611247,0.0907449586481793,-0.296806746729116,0,0,0,0,0,0,0,0,0,0,0,0,0,0,0,0,0,0.291548183051239,-0.405468535962938,-0.286527373648648,0,0,0,0,0,0,0,0,0,0,0,-0.0211418020533567,0,0,0,0,0,0.364363157384765,0.301485890877949,-0.421648559429848,0,0,0,0,0,0,0,0,0,0,0,0.0269761821173147,0,0,0,0,0,0.314305764625435,0.479347004035053,0.412144850068199,0,0,0,0,0,0,0,0,0,0,0,0.0297648649466974,0,0,0,0,0,0.148079669248831,0,0.318727192687692,0,0,0,0,0,0,0,0,0,0,0,0,0,0,0,0,0,0.327328440454355,-0.166514066530836,0.273545166391219,0,0,0,0,0,0,0,0,0,0,0,0,0,0,0,0,0,-0.146653874705161,0.149366443228089,0.268666785822262,0,0,0,0,0,0,0,0,0,0,0,-0.0795051577985501,0,0,0,0,0,-0.142657728761756,-0.059658871490276,0.344058723006172,0,0,0,0,0,0,0,0,0,0,0,0,0,0,0,0,0,-0.193152259559699,-0.374920434317617,-0.307675102662248,0,0,0,0,0,0,0,0,0,0,0,-0.0202187102188502,0,0,0,0,0,-0.297982475582406,-0.256193211255949,0.322214975650552,0,0,0,0,0,0,0,0,0,0,0,0,0,0,0,0,0,-0.211240414044005,0.121479263772268,0.265386586641028,0,0,0,0,0,0,0,0,0,0,0,0,0,0,0,0,0,-0.291658801505583,0.055249357893724,-0.209936025955441,0,0,0,0,0,0,0,0,0,0,0,0,0,0,0,0,0,0.34375715806182,-0.5562454940183,0.296275353285628,0,0,0,0,0,0,0,0,0,0,0,0,0,0,0,0,0,-0.363139961106032,0.108948289281252,-0.307095997709951,0,0,0,0,0,0,0,0,0,0,0,0,0,0,0,0,0,-0.255108921870403,0.10884269431944,0.282994891024048,0,0,0,0,0,0,0,0,0,0,0,0.0228835852113457,0,0,0,0,0,-0.165350142252904,0.37907323536583,-0.20905766318626,0,0,0,0,0,0,0,0,0,0,0,0,0,0,0,0,0,-0.300792534951495,0.289998007089767,-0.216739367940901,0,0,0,0,0,0,0,0,0,0,0,0,0,0,0,0,0,0.301994913665742,0.193212028219706,-0.298273075812207,0,0,0,0,0,0,0,0,0,0,0,0,0,0,0,0,0,-0.331846887641003,0.232664773057945,0.298546835369007,0,0,0,0,0,0,0,0,0,0,0,-0.0796922071112324,0,0,0,0,0,-0.210338872759601,0.532012107759035,0.309699265184145,0,0,0,0,0,0,0,0,0,0,0,0,0,0,0,0,0,0.21959926459414,-0.499343069783165,0.350850578228358,0,0,0,0,0,0,0,0,0,0,0,0,0,0,0,0,0,-0.256215512589979,-0.523885441378621,-0.321640120303384,0,0,0,0,0,0,0,0,0,0,0,0,0,0,0,0,0,0.351141673468402,0.0566500090673442,0.295576538181255,0,0,0,0,0,0,0,0,0,0,0,-0.0207296144024033,0,0,0,0,0,-0.348435091920383,0.165899589980871
